1.22008
0
0
0
0
1.73205
0
0
0
0
-1.03175
-1
0
0
-1.01587
0
0.96277
-0.0174944
0.269752
0
0.261437
-0.193426
-0.945637
0
0.0687192
0.980956
-0.181651
0
0
0
0
1
0.993736
0
0
0
0
0.993736
0
0
0
0
0.993736
0
0
0
0
1
1
0
0
0
0
1
0
0
0
0
1
0
0.247
0.047
-3.4641
1
0.823529
0.243137
0.266667
1
1
1
0
1
1
1
0
1
1
1
0
1
1
1
0
1
1
1
0
1
1
1
0
1
1
1
0
1
1
1
0
1
1
1
0
1
1
1
0
1
1
1
0
1
1
1
0
1
1
1
0
1
1
1
0
1
1
1
0
1
1
1
0
1
1
1
0
1
1
1
0
1
1
1
0
1
1
1
0
1
1
1
0
1
1
1
0
1
1
1
0
1
1
1
0
1
1
1
0
1
1
1
0
1
1
1
0
1
1
1
0
1
1
1
0
1
1
1
0
1
1
1
0
1
1
1
0
1
1
1
0
1
1
1
0
1
1
1
0
1
1
1
0
1
1
1
0
1
1
1
0
1
1
1
0
1
1
1
0
1
1
1
0
1
1
1
0
1
1
1
0
1
1
1
0
1
1
1
0
1
1
1
0
1
1
1
0
1
1
1
0
1
1
1
0
1
1
1
0
1
1
1
0
1
1
1
0
1
1
1
0
1
1
1
0
1
1
1
0
1
1
1
0
1
1
1
0
1
1
1
0
1
1
1
0
1
1
1
0
1
1
1
0
1
1
1
0
1
1
1
0
1
1
1
0
1
1
1
0
1
1
1
0
1
1
1
0
1
1
1
0
1
1
1
0
1
1
1
0
1
1
1
0
1
1
1
0
1
1
1
0
1
1
1
0
0.977255
0.959608
0.95451
0
0.95451
0.919216
0.90902
0
0.931765
0.878824
0.863529
0
0.90902
0.838431
0.818039
0
0.886275
0.798039
0.772549
0
0.863529
0.757647
0.727059
0
0.840784
0.717255
0.681569
0
0.81349
0.668784
0.62698
0.02
0.790745
0.628392
0.58149
0.02
0.772549
0.596078
0.545098
0
0.772549
0.596078
0.545098
0
0.772549
0.596078
0.545098
0
0.772549
0.596078
0.545098
0
0.772549
0.596078
0.545098
0
0.772549
0.596078
0.545098
0
0.772549
0.596078
0.545098
0
0.772549
0.596078
0.545098
0
0.772549
0.596078
0.545098
0
0.772549
0.596078
0.545098
0
0.772549
0.596078
0.545098
0
0.772549
0.596078
0.545098
0
0.772549
0.596078
0.545098
0
0.772549
0.596078
0.545098
0
0.772549
0.596078
0.545098
0
0.772549
0.596078
0.545098
0
0.772549
0.596078
0.545098
0
0.772549
0.596078
0.545098
0
0.772549
0.596078
0.545098
0
0.772549
0.596078
0.545098
0
0.772549
0.596078
0.545098
0
0.772549
0.596078
0.545098
0
0.772549
0.596078
0.545098
0
0.772549
0.596078
0.545098
0
0.772549
0.596078
0.545098
0
0.772549
0.596078
0.545098
0
0.772549
0.596078
0.545098
0
0.772549
0.596078
0.545098
0
0.772549
0.596078
0.545098
0
0.772549
0.596078
0.545098
0
0.772549
0.596078
0.545098
0
0.772549
0.596078
0.545098
0
0.772549
0.596078
0.545098
0
0.772549
0.596078
0.545098
0
0.772549
0.596078
0.545098
0
0.772549
0.596078
0.545098
0
0.772549
0.596078
0.545098
0
0.772549
0.596078
0.545098
0
0.772549
0.596078
0.545098
0
0.772549
0.596078
0.545098
0
0.772549
0.596078
0.545098
0
0.772549
0.596078
0.545098
0
0.772549
0.596078
0.545098
0
0.772549
0.596078
0.545098
0
0.772549
0.596078
0.545098
0
0.772549
0.596078
0.545098
0
0.772549
0.596078
0.545098
0
0.772549
0.596078
0.545098
0
0.772549
0.596078
0.545098
0
0.772549
0.596078
0.545098
0
0.772549
0.596078
0.545098
0
0.772549
0.596078
0.545098
0
0.772549
0.596078
0.545098
0
0.772549
0.596078
0.545098
0
0.772549
0.596078
0.545098
0
0.772549
0.596078
0.545098
0
0.772549
0.596078
0.545098
0
0.772549
0.596078
0.545098
0
0.772549
0.596078
0.545098
0
0.772549
0.596078
0.545098
0
0.772549
0.596078
0.545098
0
0.772549
0.596078
0.545098
0
0.772549
0.596078
0.545098
0
0.772549
0.596078
0.545098
0
0.772549
0.596078
0.545098
0
0.772549
0.596078
0.545098
0
0.772549
0.596078
0.545098
0
0.772549
0.596078
0.545098
0
0.772549
0.596078
0.545098
0
0.772549
0.596078
0.545098
0
0.772549
0.596078
0.545098
0
0.772549
0.596078
0.545098
0
0.772549
0.596078
0.545098
0
0.772549
0.596078
0.545098
0
0.772549
0.596078
0.545098
0
0.772549
0.596078
0.545098
0
0.772549
0.596078
0.545098
0
0.772549
0.596078
0.545098
0
0.772549
0.596078
0.545098
0
0.772549
0.596078
0.545098
0
0.772549
0.596078
0.545098
0
0.772549
0.596078
0.545098
0
0.772549
0.596078
0.545098
0
0.772549
0.596078
0.545098
0
0.772549
0.596078
0.545098
0
0.772549
0.596078
0.545098
0
0.772549
0.596078
0.545098
0
0.772549
0.596078
0.545098
0
0.772549
0.596078
0.545098
0
0.772549
0.596078
0.545098
0
0.772549
0.596078
0.545098
0
0.772549
0.596078
0.545098
0
0.772549
0.596078
0.545098
0
0.795294
0.636471
0.590588
0.1
0.818039
0.676863
0.636078
0.2
0.840784
0.717255
0.681569
0.3
0.863529
0.757647
0.727059
0.4
0.886275
0.798039
0.772549
0.5
0.90902
0.838431
0.818039
0.6
0.931765
0.878824
0.863529
0.7
0.95451
0.919216
0.90902
0.8
0.977255
0.959608
0.95451
0.9
1
1
1
1
1
1
1
1
1
1
1
1
1
1
1
1
1
1
1
1
1
1
1
1
1
1
1
1
1
1
1
1
1
1
1
1
1
1
1
1
1
1
1
1
1
1
1
1
1
1
1
1
1
1
1
1
1
1
1
1
1
1
1
1
1
1
1
1
1
1
1
1
1
1
1
1
1
1
1
1
1
1
1
1
1
1
1
1
1
1
1
1
1
1
1
1
1
1
1
1
1
1
1
1
1
1
1
1
1
1
1
1
1
1
1
1
1
1
1
1
1
1
1
1
1
1
1
1
1
1
1
1
1
1
1
1
1
1
1
1
1
1
1
1
1
1
1
1
1
1
1
1
1
1
1
1
1
1
1
1
1
1
1
1
1
1
1
1
1
1
1
1
1
1
1
1
1
1
1
1
1
0.94
0.94
1
1
0.86
0.86
1
1
0.76
0.76
1
1
0.64
0.64
1
1
0.5
0.5
1
1
0.4
0.4
1
1
0.3
0.3
1
1
0.2
0.2
1
1
0.1
0.1
1
1
0
0
1
1
0
0
1
1
0
0
1
1
0
0
1
1
0
0
1
1
0
0
1
1
0
0
1
1
0
0
1
1
0
0
1
1
0
0
1
1
0
0
1
1
0
0
1
1
0
0
1
1
0
0
1
1
0
0
1
1
0
0
1
1
0
0
1
1
0
0
1
1
0
0
1
1
0
0
1
1
0
0
1
1
0
0
1
1
0
0
1
1
0
0
1
1
0
0
1
1
0
0
1
1
0
0
1
1
0
0
1
1
0
0
1
1
0
0
1
1
0
0
1
1
0
0
1
1
0
0
1
1
0
0
1
1
0
0
1
1
0
0
1
1
0
0
1
1
0
0
1
1
0
0
1
1
0
0
1
1
0
0
1
1
0
0
1
1
0
0
1
1
0
0
1
1
0
0
1
1
0
0
1
1
0
0
1
1
0
0
1
1
0
0
1
1
0
0
1
1
0
0
1
1
0
0
1
1
0
0
1
1
0
0
1
1
0
0
1
1
0
0
1
1
0
0
1
1
0
0
1
1
0
0
1
1
0
0
1
1
0
0
1
1
0
0
1
1
0
0
1
1
0
0
1
1
0
0
1
1
0
0
1
1
0
0
1
1
0
0
1
1
0
0
1
1
0
0
1
1
0
0
1
1
0
0
1
1
0
0
1
1
0
0
1
1
0
0
1
1
0
0
1
1
0
0
1
1
0
0
1
1
0
0
1
1
0
0
1
1
0
0
1
1
0
0
1
1
0
0
1
1
0
0
1
1
0
0
1
1
0
0
1
1
0
0
1
1
0
0
1
1
0
0
1
1
0
0
1
1
0
0
1
1
0
0
1
1
0
0
1
1
0
0
1
1
0
0
1
1
0
0
1
1
0
0
1
1
0
0
1
1
0
0
1
1
0
0
1
1
0
0
1
1
0
0
1
1
0
0
1
1
0
0
1
1
0
0
1
1
0
0
1
1
0
0
1
1
0
0
1
1
0
0
1
1
0
0
1
1
0
0
1
1
0
0
1
1
0
0
1
1
0
0
1
1
0
0
1
1
0
0
1
1
0
0
1
1
0
0
1
1
0
0
1
1
0
0
1
1
0
0
1
1
0
0
1
1
0
0
1
1
0
0
1
1
0
0
1
1
0
0
1
1
0
0
1
1
0
0
1
1
0
0
1
1
0
0
1
1
0
0
1
1
0
0
1
1
0
0
1
1
0
0
1
1
0
0
1
1
0
0
1
1
0
0
1
1
0
0
1
1
0
0
1
1
0
0
1
1
0
0
1
1
0
0
1
1
0
0
1
1
0
0
1
1
0
0
1
1
0
0
1
1
0
0
1
1
0
0
1
1
0
0
1
1
0
0
1
1
0
0
1
1
0
0
1
1
0
0
1
1
0
0
1
1
0
0
1
1
0
0
1
1
0
0
1
1
0
0
1
1
0
0
1
1
0
0
1
1
0
0
1
1
0
0
1
1
0
0
1
1
0
0
1
1
0
0
1
1
0
0
1
1
0
0
1
1
0
0
1
1
0
0
1
1
0
0
1
1
0
0
1
1
0
0
1
1
0
0
1
1
0
0
1
1
0.1
0.1
1
1
0.2
0.2
1
1
0.3
0.3
1
1
0.4
0.4
1
1
0.5
0.5
1
1
0.6
0.6
1
1
0.7
0.7
1
1
0.8
0.8
1
1
0.9
0.9
1
1
1
1
1
1
1
1
1
1
1
1
1
1
1
1
1
1
1
1
1
1
1
1
1
1
1
1
1
1
1
1
1
1
1
1
1
1
1
1
1
1
1
1
1
1
1
1
1
1
1
1
1
1
1
1
1
1
1
1
1
1
1
1
1
1
1
1
1
1
1
1
1
1
1
1
1
1
1
1
1
1
1
1
1
1
1
1
1
1
1
1
1
1
1
1
1
1
1
1
1
1
1
1
1
1
1
1
1
1
1
1
1
1
1
1
1
1
1
1
1
1
1
1
1
1
1
1
1
1
1
1
1
1
1
1
1
1
1
1
1
1
1
1
1
1
1
1
1
1
1
1
1
1
1
1
1
1
1
1
1
1
1
1
1
1
1
1
1
1
1
1
1
1
1
1
1
1
1
1
1
1
1
1
1
1
1
1
1
1
1
1
1
1
1
1
1
1
1
1
1
1
1
1
1
1
1
1
1
1
1
1
1
1
1
1
1
1
1
1
1
1
1
1
1
1
1
1
1
1
1
1
1
1
1
1
1
1
1
1
1
1
1
1
1
1
1
1
1
1
1
1
1
1
1
1
1
1
1
1
1
1
1
1
1
1
1
1
1
1
1
1
1
1
1
1
1
1
1
1
1
1
1
1
1
1
1
1
1
1
1
1
1
1
1
1
1
1
1
1
1
1
1
1
1
1
1
1
1
1
1
1
1
1
1
1
1
1
1
1
1
1
1
1
1
1
1
1
1
1
1
1
1
1
1
1
1
1
1
1
1
1
1
1
1
1
1
1
1
1
1
1
1
1
1
1
1
1
1
1
1
Air,20,20,65,264,0,255,255,255
Skin,85,20,74,264,0,197,152,139
