1.22008
0
0
0
0
1.73205
0
0
0
0
-1.03175
-1
0
0
-1.01587
0
0.960176
0.271589
-0.0655509
0
0.0105793
-0.269798
-0.962856
0
-0.279189
0.923821
-0.261927
0
0
0
0
1
0.993736
0
0
0
0
0.993736
0
0
0
0
0.993736
0
0
0
0
1
1
0
0
0
0
1
0
0
0
0
1
0
-0.0220001
0.0369999
-3.4641
1
0.666667
0.666667
0.498039
1
1
1
0
1
1
1
0
1
1
1
0
1
1
1
0
1
1
1
0
1
1
1
0
1
1
1
0
1
1
1
0
1
1
1
0
1
1
1
0
1
1
1
0
1
1
1
0
1
1
1
0
1
1
1
0
1
1
1
0
1
1
1
0
1
1
1
0
1
1
1
0
1
1
1
0
1
1
1
0
1
1
1
0
1
1
1
0
1
1
1
0
1
1
1
0
1
1
1
0
1
1
1
0
1
1
1
0
1
1
1
0
1
1
1
0
1
1
1
0
1
1
1
0
1
1
1
0
1
1
1
0
1
1
1
0
1
1
1
0
1
1
1
0
1
1
1
0
1
1
1
0
1
1
1
0
1
1
1
0
1
1
1
0
1
1
1
0
1
1
1
0
1
1
1
0
1
1
1
0
1
1
1
0
1
1
1
0
1
1
1
0
1
1
1
0
1
1
1
0
1
1
1
0
1
1
1
0
1
1
1
0
1
1
1
0
1
1
1
0
1
1
1
0
1
1
1
0
1
1
1
0
1
1
1
0
1
1
1
0
1
1
1
0
1
1
1
0
1
1
1
0
1
1
1
0
1
1
1
0
1
1
1
0
1
1
1
0
1
1
1
0
1
1
1
0
1
1
1
0
1
1
1
0
1
1
1
0
1
1
1
0
1
1
1
0
1
1
1
0
0.977255
0.959608
0.95451
0.1
0.95451
0.919216
0.90902
0.2
0.931765
0.878824
0.863529
0.3
0.90902
0.838431
0.818039
0.4
0.886275
0.798039
0.772549
0.5
0.863529
0.757647
0.727059
0.6
0.840784
0.717255
0.681569
0.73
0.818039
0.676863
0.636078
0.84
0.795294
0.636471
0.590588
0.93
0.772549
0.596078
0.545098
1
0.772549
0.596078
0.545098
1
0.772549
0.596078
0.545098
1
0.772549
0.596078
0.545098
1
0.772549
0.596078
0.545098
1
0.772549
0.596078
0.545098
1
0.772549
0.596078
0.545098
1
0.772549
0.596078
0.545098
1
0.772549
0.596078
0.545098
1
0.772549
0.596078
0.545098
1
0.772549
0.596078
0.545098
1
0.772549
0.596078
0.545098
1
0.772549
0.596078
0.545098
1
0.772549
0.596078
0.545098
1
0.772549
0.596078
0.545098
1
0.772549
0.596078
0.545098
1
0.772549
0.596078
0.545098
1
0.772549
0.596078
0.545098
1
0.772549
0.596078
0.545098
1
0.772549
0.596078
0.545098
1
0.772549
0.596078
0.545098
1
0.772549
0.596078
0.545098
1
0.772549
0.596078
0.545098
1
0.772549
0.596078
0.545098
1
0.772549
0.596078
0.545098
1
0.772549
0.596078
0.545098
1
0.772549
0.596078
0.545098
1
0.772549
0.596078
0.545098
1
0.772549
0.596078
0.545098
1
0.772549
0.596078
0.545098
1
0.772549
0.596078
0.545098
1
0.772549
0.596078
0.545098
1
0.772549
0.596078
0.545098
1
0.772549
0.596078
0.545098
1
0.772549
0.596078
0.545098
1
0.772549
0.596078
0.545098
1
0.772549
0.596078
0.545098
1
0.772549
0.596078
0.545098
1
0.772549
0.596078
0.545098
1
0.772549
0.596078
0.545098
1
0.772549
0.596078
0.545098
1
0.772549
0.596078
0.545098
1
0.772549
0.596078
0.545098
1
0.772549
0.596078
0.545098
1
0.772549
0.596078
0.545098
1
0.772549
0.596078
0.545098
1
0.772549
0.596078
0.545098
1
0.772549
0.596078
0.545098
1
0.772549
0.596078
0.545098
1
0.772549
0.596078
0.545098
1
0.772549
0.596078
0.545098
1
0.772549
0.596078
0.545098
1
0.772549
0.596078
0.545098
1
0.772549
0.596078
0.545098
1
0.772549
0.596078
0.545098
1
0.772549
0.596078
0.545098
1
0.772549
0.596078
0.545098
1
0.772549
0.596078
0.545098
1
0.772549
0.596078
0.545098
1
0.772549
0.596078
0.545098
1
0.772549
0.596078
0.545098
1
0.772549
0.596078
0.545098
1
0.772549
0.596078
0.545098
1
0.772549
0.596078
0.545098
1
0.772549
0.596078
0.545098
1
0.772549
0.596078
0.545098
1
0.772549
0.596078
0.545098
1
0.772549
0.596078
0.545098
1
0.772549
0.596078
0.545098
1
0.772549
0.596078
0.545098
1
0.772549
0.596078
0.545098
1
0.772549
0.596078
0.545098
1
0.772549
0.596078
0.545098
1
0.772549
0.596078
0.545098
1
0.772549
0.596078
0.545098
1
0.772549
0.596078
0.545098
1
0.772549
0.596078
0.545098
1
0.772549
0.596078
0.545098
1
0.772549
0.596078
0.545098
1
0.772549
0.596078
0.545098
1
0.772549
0.596078
0.545098
1
0.772549
0.596078
0.545098
1
0.772549
0.596078
0.545098
1
0.772549
0.596078
0.545098
1
0.772549
0.596078
0.545098
1
0.772549
0.596078
0.545098
1
0.772549
0.596078
0.545098
1
0.772549
0.596078
0.545098
1
0.772549
0.596078
0.545098
1
0.772549
0.596078
0.545098
1
0.772549
0.596078
0.545098
1
0.772549
0.596078
0.545098
1
0.772549
0.596078
0.545098
1
0.795294
0.636471
0.590588
1
0.818039
0.676863
0.636078
1
0.840784
0.717255
0.681569
1
0.863529
0.757647
0.727059
1
0.886275
0.798039
0.772549
1
0.90902
0.838431
0.818039
1
0.931765
0.878824
0.863529
1
0.95451
0.919216
0.90902
1
0.977255
0.959608
0.95451
1
1
1
1
1
1
1
1
1
1
1
1
1
1
1
1
1
1
1
1
1
1
1
1
1
1
1
1
1
1
1
1
1
1
1
1
1
1
1
1
1
1
1
1
1
1
1
1
1
1
1
1
1
1
1
1
1
1
1
1
1
1
1
1
1
1
1
1
1
1
1
1
1
1
1
1
1
1
1
1
1
1
1
1
1
1
1
1
1
1
1
1
1
1
1
1
1
1
1
1
1
1
1
1
1
1
1
1
1
1
1
1
1
1
1
1
1
1
1
1
1
1
1
1
1
1
1
1
1
1
1
1
1
1
1
1
1
1
1
1
1
1
1
1
1
1
1
1
1
1
1
1
1
1
1
1
1
1
1
1
1
1
1
1
1
1
1
1
1
1
1
1
1
1
1
1
1
1
1
1
1
1
1
1
1
1
1
1
1
1
1
1
1
1
1
1
1
1
1
1
1
1
1
1
1
1
1
1
1
1
1
1
1
1
1
1
1
1
1
1
1
1
1
1
1
1
1
1
1
1
1
1
1
1
1
1
1
1
1
1
1
1
1
1
1
1
1
1
1
1
1
1
1
1
1
1
1
1
1
1
1
1
1
1
1
1
1
1
1
1
1
1
1
1
1
1
1
1
1
1
1
1
1
1
1
1
1
1
1
1
1
1
1
1
1
1
1
1
1
1
1
1
1
1
1
1
1
1
1
1
1
1
1
1
1
1
1
1
1
1
1
1
1
1
1
1
1
1
1
1
1
1
1
1
1
1
1
1
1
1
1
1
1
1
1
1
1
1
1
1
1
1
1
1
1
1
1
1
1
1
1
1
1
1
1
1
1
1
1
1
1
1
1
1
1
1
1
1
1
1
1
1
1
1
1
1
1
1
1
1
1
1
1
1
1
1
1
1
1
1
1
1
1
1
1
1
1
1
1
1
1
1
1
1
1
1
1
1
1
1
1
1
1
1
1
1
1
1
1
1
1
1
1
1
1
1
1
1
1
1
1
1
1
1
1
1
1
1
1
1
1
1
1
1
1
1
1
1
1
1
1
1
1
1
1
1
1
1
1
1
1
1
1
1
1
1
1
1
1
1
1
1
1
1
1
1
1
1
1
1
1
1
1
1
1
1
1
1
1
1
1
1
1
1
1
1
1
1
1
1
1
1
1
1
1
1
1
1
1
1
1
1
1
1
1
1
1
1
1
1
1
1
1
1
1
1
1
1
1
1
1
1
1
1
1
1
1
1
1
1
1
1
1
1
1
1
1
1
1
1
1
1
1
1
1
1
1
1
1
1
1
1
1
1
1
1
1
1
1
1
1
1
1
1
1
1
1
1
1
1
1
1
1
1
1
1
1
1
1
1
1
1
1
1
1
1
1
1
1
1
1
1
1
1
1
1
1
1
1
1
1
1
1
1
1
1
1
1
1
1
1
1
1
1
1
1
1
1
1
1
1
1
1
1
1
1
1
1
1
1
1
1
1
1
1
1
1
1
1
1
1
1
1
1
1
1
1
1
1
1
1
1
1
1
1
1
1
1
1
1
1
1
1
1
1
1
1
1
1
1
1
1
1
1
1
1
1
1
1
1
1
1
1
1
1
1
1
1
1
1
1
1
1
1
1
1
1
1
1
1
1
1
1
1
1
1
1
1
1
1
1
1
1
1
1
1
1
1
1
1
1
1
1
1
1
1
1
1
1
1
1
1
1
1
1
1
1
1
1
1
1
1
1
1
1
1
1
1
1
1
1
1
1
1
1
1
1
1
1
1
1
1
1
1
1
1
1
1
1
1
1
1
1
1
1
1
1
1
1
1
1
1
1
1
1
1
1
1
1
1
1
1
1
1
1
1
1
1
1
1
1
1
1
1
1
1
1
1
1
1
1
1
1
1
1
1
1
1
1
1
1
1
1
1
1
1
1
1
1
1
1
1
1
1
1
1
1
1
1
1
1
1
1
1
1
1
1
1
1
1
1
1
1
1
1
1
1
1
1
1
1
1
1
1
1
1
1
1
1
1
1
1
1
1
1
1
1
1
1
1
1
1
1
1
1
1
1
1
1
1
1
1
1
1
1
1
1
1
1
1
1
1
1
1
1
1
1
1
1
1
1
1
1
1
1
1
1
1
1
1
1
1
1
1
1
1
1
1
1
1
1
1
1
1
1
1
1
1
1
1
1
1
1
1
1
1
1
1
1
1
1
1
1
1
1
1
1
1
1
1
1
1
1
1
1
1
1
1
1
1
1
1
1
1
1
1
1
1
1
1
1
1
1
1
1
1
1
1
1
1
1
1
1
1
1
1
1
1
1
1
1
1
1
1
1
1
1
1
1
1
1
1
1
1
1
1
1
1
1
1
1
1
1
1
1
1
1
1
1
1
1
1
1
1
1
1
1
1
1
1
1
1
1
1
1
1
1
1
1
1
1
1
1
1
1
1
1
1
1
1
1
1
1
1
1
1
1
1
1
1
1
1
1
1
1
1
1
1
1
1
1
1
1
1
1
1
1
1
1
1
1
1
1
1
1
1
1
1
1
1
1
1
1
1
1
1
1
1
1
1
1
1
1
1
1
1
1
1
1
1
1
1
1
1
1
1
1
1
1
1
1
1
1
1
1
1
1
1
1
1
1
1
1
1
1
1
1
1
1
1
1
1
1
1
1
1
1
1
1
1
1
1
1
1
1
1
1
1
1
1
1
1
1
1
1
1
1
1
1
1
1
1
1
1
1
1
1
1
1
1
1
1
1
1
1
1
1
1
1
1
1
1
1
1
1
1
1
1
1
1
1
1
1
1
1
1
1
1
1
1
1
1
1
1
1
1
1
1
1
1
1
1
1
1
1
1
1
1
1
1
1
1
1
1
1
1
1
1
1
1
1
1
1
1
1
1
1
1
1
1
1
1
1
1
1
1
1
1
1
1
1
1
1
1
1
1
1
1
1
1
1
1
1
1
1
Air,20,20,65,264,0,255,255,255
Skin,86,20,74,264,255,197,152,139
