1.22008
0
0
0
0
1.73205
0
0
0
0
-1.03175
-1
0
0
-1.01587
0
0.968545
-0.0771047
0.236588
0
0.133864
-0.640027
-0.756598
0
0.209759
0.764471
-0.609573
0
0
0
0
1
0.993736
0
0
0
0
0.993736
0
0
0
0
0.993736
0
0
0
0
1
1
0
0
0
0
1
0
0
0
0
1
0
0.083
0.172
-3.4641
1
0.886275
0.741176
0.47451
1
1
1
0
1
1
1
0
1
1
1
0
1
1
1
0
1
1
1
0
1
1
1
0
1
1
1
0
1
1
1
0
1
1
1
0
1
1
1
0
1
1
1
0
1
1
1
0
1
1
1
0
1
1
1
0
1
1
1
0
1
1
1
0
1
1
1
0
1
1
1
0
1
1
1
0
1
1
1
0
1
1
1
0
1
1
1
0
1
1
1
0
1
1
1
0
1
1
1
0
1
1
1
0
1
1
1
0
1
1
1
0
1
1
1
0
1
1
1
0
1
1
1
0
1
1
1
0
1
1
1
0
1
1
1
0
1
1
1
0
1
1
1
0
1
1
1
0
1
1
1
0
1
1
1
0
1
1
1
0
1
1
1
0
1
1
1
0
0.977255
0.959608
0.95451
0.1
0.95451
0.919216
0.90902
0.2
0.931765
0.878824
0.863529
0.3
0.90902
0.838431
0.818039
0.4
0.886275
0.798039
0.772549
0.5
0.863529
0.757647
0.727059
0.6
0.840784
0.717255
0.681569
0.7
0.818039
0.676863
0.636078
0.8
0.795294
0.636471
0.590588
0.9
0.772549
0.596078
0.545098
1
0.772549
0.596078
0.545098
1
0.772549
0.596078
0.545098
1
0.772549
0.596078
0.545098
1
0.772549
0.596078
0.545098
1
0.772549
0.596078
0.545098
1
0.772549
0.596078
0.545098
1
0.772549
0.596078
0.545098
1
0.772549
0.596078
0.545098
1
0.772549
0.596078
0.545098
1
0.772549
0.596078
0.545098
1
0.772549
0.596078
0.545098
1
0.772549
0.596078
0.545098
1
0.772549
0.596078
0.545098
1
0.772549
0.596078
0.545098
1
0.772549
0.596078
0.545098
1
0.772549
0.596078
0.545098
1
0.772549
0.596078
0.545098
1
0.772549
0.596078
0.545098
1
0.772549
0.596078
0.545098
1
0.772549
0.596078
0.545098
1
0.772549
0.596078
0.545098
1
0.772549
0.596078
0.545098
1
0.772549
0.596078
0.545098
1
0.772549
0.596078
0.545098
1
0.772549
0.596078
0.545098
1
0.772549
0.596078
0.545098
1
0.772549
0.596078
0.545098
1
0.772549
0.596078
0.545098
1
0.772549
0.596078
0.545098
1
0.772549
0.596078
0.545098
1
0.772549
0.596078
0.545098
1
0.772549
0.596078
0.545098
1
0.772549
0.596078
0.545098
1
0.772549
0.596078
0.545098
1
0.772549
0.596078
0.545098
1
0.772549
0.596078
0.545098
1
0.772549
0.596078
0.545098
1
0.772549
0.596078
0.545098
1
0.772549
0.596078
0.545098
1
0.772549
0.596078
0.545098
1
0.772549
0.596078
0.545098
1
0.772549
0.596078
0.545098
1
0.772549
0.596078
0.545098
1
0.772549
0.596078
0.545098
1
0.772549
0.596078
0.545098
1
0.772549
0.596078
0.545098
1
0.772549
0.596078
0.545098
1
0.772549
0.596078
0.545098
1
0.772549
0.596078
0.545098
1
0.772549
0.596078
0.545098
1
0.772549
0.596078
0.545098
1
0.772549
0.596078
0.545098
1
0.772549
0.596078
0.545098
1
0.772549
0.596078
0.545098
1
0.772549
0.596078
0.545098
1
0.772549
0.596078
0.545098
1
0.772549
0.596078
0.545098
1
0.772549
0.596078
0.545098
1
0.772549
0.596078
0.545098
1
0.772549
0.596078
0.545098
1
0.772549
0.596078
0.545098
1
0.772549
0.596078
0.545098
1
0.772549
0.596078
0.545098
1
0.772549
0.596078
0.545098
1
0.772549
0.596078
0.545098
1
0.772549
0.596078
0.545098
1
0.772549
0.596078
0.545098
1
0.772549
0.596078
0.545098
1
0.795294
0.636471
0.590588
1
0.818039
0.676863
0.636078
1
0.840784
0.717255
0.681569
1
0.863529
0.757647
0.727059
1
0.886275
0.798039
0.772549
1
0.90902
0.838431
0.818039
1
0.931765
0.878824
0.863529
1
0.95451
0.919216
0.90902
1
0.979529
0.953647
0.949059
1
1
1
1
1
1
1
1
1
1
1
1
1
1
1
1
1
1
1
1
1
1
1
1
1
1
1
1
1
1
1
1
1
1
1
1
1
1
1
1
1
1
1
1
1
1
1
1
1
1
1
1
1
1
1
1
1
1
1
1
1
1
1
1
1
1
1
1
1
1
1
1
1
1
1
1
1
1
1
1
1
1
1
1
1
1
1
1
1
1
1
1
1
1
1
1
1
1
1
1
1
1
1
1
1
1
1
1
1
1
1
1
1
1
1
1
1
1
1
1
1
1
1
1
1
1
1
1
1
1
1
1
1
1
1
1
1
1
1
1
1
1
1
1
1
1
1
1
1
1
1
1
1
1
1
1
1
1
1
1
1
1
1
1
1
1
1
1
1
1
1
1
1
1
1
1
1
1
1
1
1
1
1
1
1
1
1
1
1
1
1
1
1
1
1
1
1
1
1
1
1
1
1
1
1
1
1
1
1
1
1
1
1
1
1
1
1
1
1
1
1
1
1
1
1
1
1
1
1
1
1
1
1
1
1
1
1
1
1
1
1
1
1
1
1
1
1
1
1
1
1
1
1
1
1
1
1
1
1
1
1
1
1
1
1
1
1
1
1
1
1
1
1
1
1
1
1
1
1
1
1
1
1
1
1
1
1
1
1
1
1
1
1
1
1
1
1
1
1
1
1
1
1
1
1
1
1
1
1
1
1
1
1
1
1
1
1
1
1
1
1
1
1
1
1
1
1
1
1
1
1
1
1
1
1
1
1
1
1
1
1
1
1
1
1
1
1
1
1
1
1
1
1
1
1
1
1
1
1
1
1
1
1
1
1
1
1
1
1
1
1
1
1
1
1
1
1
1
1
1
1
1
1
1
1
1
1
1
1
1
1
1
1
1
1
1
1
1
1
1
1
1
1
1
1
1
0.94
0.94
1
1
0.86
0.86
1
1
0.76
0.76
1
1
0.64
0.64
1
1
0.5
0.5
1
1
0.4
0.4
1
1
0.3
0.3
1
1
0.2
0.2
1
1
0.1
0.1
1
1
0
0
1
1
0
0
1
1
0
0
1
1
0
0
1
1
0
0
1
1
0
0
1
1
0
0
1
1
0
0
1
1
0
0
1
1
0
0
1
1
0
0
1
1
0
0
1
1
0
0
1
1
0
0
1
1
0
0
1
1
0
0
1
1
0
0
1
1
0
0
1
1
0
0
1
1
0
0
1
1
0
0
1
1
0
0
1
1
0
0
1
1
0
0
1
1
0
0
1
1
0
0
1
1
0
0
1
1
0
0
1
1
0
0
1
1
0
0
1
1
0
0
1
1
0
0
1
1
0
0
1
1
0
0
1
1
0
0
1
1
0
0
1
1
0
0
1
1
0
0
1
1
0
0
1
1
0
0
1
1
0
0
1
1
0
0
1
1
0
0
1
1
0
0
1
1
0
0
1
1
0
0
1
1
0
0
1
1
0
0
1
1
0
0
1
1
0
0
1
1
0
0
1
1
0
0
1
1
0
0
1
1
0
0
1
1
0
0
1
1
0
0
1
1
0
0
1
1
0
0
1
1
0
0
1
1
0
0
1
1
0
0
1
1
0
0
1
1
0
0
1
1
0
0
1
1
0
0
1
1
0
0
1
1
0
0
1
1
0
0
1
1
0
0
1
1
0
0
1
1
0
0
1
1
0
0
1
1
0
0
1
1
0
0
1
1
0
0
1
1
0
0
1
1
0
0
1
1
0
0
1
1
0
0
1
1
0
0
1
1
0
0
1
1
0
0
1
1
0
0
1
1
0
0
1
1
0
0
1
1
0
0
1
1
0
0
1
1
0
0
1
1
0
0
1
1
0
0
1
1
0
0
1
1
0
0
1
1
0
0
1
1
0
0
1
1
0
0
1
1
0
0
1
1
0
0
1
1
0
0
1
1
0
0
1
1
0
0
1
1
0
0
1
1
0
0
1
1
0
0
1
1
0
0
1
1
0
0
1
1
0
0
1
1
0
0
1
1
0
0
1
1
0
0
1
1
0
0
1
1
0
0
1
1
0
0
1
1
0
0
1
1
0
0
1
1
0
0
1
1
0
0
1
1
0
0
1
1
0
0
1
1
0
0
1
1
0
0
1
1
0
0
1
1
0
0
1
1
0
0
1
1
0
0
1
1
0
0
1
1
0
0
1
1
0
0
1
1
0
0
1
1
0
0
1
1
0
0
1
1
0
0
1
1
0
0
1
1
0
0
1
1
0
0
1
1
0
0
1
1
0
0
1
1
0
0
1
1
0
0
1
1
0
0
1
1
0
0
1
1
0
0
1
1
0
0
1
1
0
0
1
1
0
0
1
1
0
0
1
1
0
0
1
1
0
0
1
1
0
0
1
1
0
0
1
1
0
0
1
1
0
0
1
1
0
0
1
1
0
0
1
1
0
0
1
1
0
0
1
1
0
0
1
1
0
0
1
1
0
0
1
1
0
0
1
1
0
0
1
1
0
0
1
1
0
0
1
1
0
0
1
1
0
0
1
1
0
0
1
1
0
0
1
1
0
0
1
1
0
0
1
1
0
0
1
1
0
0
1
1
0
0
1
1
0
0
1
1
0
0
1
1
0
0
1
1
0.1
0.1
1
1
0.2
0.2
1
1
0.3
0.3
1
1
0.4
0.4
1
1
0.5
0.5
1
1
0.6
0.6
1
1
0.7
0.7
1
1
0.8
0.8
1
1
0.9
0.9
1
1
1
1
1
1
1
1
1
1
1
1
1
1
1
1
1
1
1
1
1
1
1
1
1
1
1
1
1
1
1
1
1
1
1
1
1
1
1
1
1
1
1
1
1
1
1
1
1
1
1
1
1
1
1
1
1
1
1
1
1
1
1
1
1
1
1
1
1
1
1
1
1
1
1
1
1
1
1
1
1
1
1
1
1
1
1
1
1
1
1
1
1
1
1
1
1
1
1
1
1
1
1
1
1
1
1
1
1
1
1
1
1
1
1
1
1
1
1
1
1
1
1
1
1
1
1
1
1
1
1
1
1
1
1
1
1
1
1
1
1
1
1
1
1
1
1
1
1
1
1
1
1
1
1
1
1
1
1
1
1
1
1
1
1
1
1
1
1
1
1
1
1
1
1
1
1
1
1
1
1
1
1
1
1
1
1
1
1
1
1
1
1
1
1
1
1
1
1
1
1
1
1
1
1
1
1
1
1
1
1
1
1
1
1
1
1
1
1
1
1
1
1
1
1
1
1
1
1
1
1
1
1
1
1
1
1
1
1
1
1
1
1
1
1
1
1
1
1
1
1
1
1
1
1
1
1
1
1
1
1
1
1
1
1
1
1
1
1
1
1
1
1
1
1
1
1
1
1
1
1
1
1
1
1
1
1
1
1
1
1
1
1
1
1
1
1
1
1
1
1
1
1
1
1
1
1
1
1
1
1
1
1
1
1
1
1
1
1
1
1
1
1
1
1
1
1
1
1
1
1
1
1
1
1
1
1
1
1
1
1
1
1
1
1
1
1
1
1
1
1
1
1
1
1
1
1
1
1
1
1
Air,20,20,65,264,0,255,255,255
Skin,60,20,61,264,255,197,152,139
Skeleton,121,20,76,264,255,255,255,255
