1.22008
0
0
0
0
1.73205
0
0
0
0
-1.03175
-1
0
0
-1.01587
0
0.913946
0.124811
0.386164
0
0.316572
-0.814644
-0.485935
0
0.253935
0.566368
-0.784052
0
0
0
0
1
0.987596
0
0
0
0
0.987596
0
0
0
0
0.987596
0
0
0
0
1
1
0
0
0
0
1
0
0
0
0
1
0
0.247
0.047
-3.4641
1
0.823529
0.823529
0.823529
1
1
1
0
1
1
1
0
1
1
1
0
1
1
1
0
1
1
1
0
1
1
1
0
1
1
1
0
1
1
1
0
1
1
1
0
1
1
1
0
1
1
1
0
1
1
1
0
1
1
1
0
1
1
1
0
1
1
1
0
1
1
1
0
1
1
1
0
1
1
1
0
1
1
1
0
1
1
1
0
1
1
1
0
1
1
1
0
1
1
1
0
1
1
1
0
1
1
1
0
1
1
1
0
1
1
1
0
1
1
1
0
1
1
1
0
1
1
1
0
1
1
1
0
1
1
1
0
1
1
1
0
1
1
1
0
1
1
1
0
1
1
1
0
1
1
1
0
1
1
1
0
1
1
1
0
1
1
1
0
1
1
1
0
1
1
1
0
1
1
1
0
1
1
1
0
1
1
1
0
1
1
1
0
1
1
1
0
1
1
1
0
1
1
1
0
1
1
1
0
1
1
1
0
1
1
1
0
1
1
1
0
1
1
1
0
1
1
1
0
1
1
1
0
1
1
1
0
1
1
1
0
1
1
1
0
1
1
1
0
1
1
1
0
1
1
1
0
1
1
1
0
1
1
1
0
1
1
1
0
1
1
1
0
1
1
1
0
1
1
1
0
1
1
1
0
1
1
1
0
1
1
1
0
1
1
1
0
1
1
1
0
1
1
1
0
0.956784
0.923255
0.913569
0.000392157
0.918118
0.854588
0.836235
0.000784314
0.884
0.794
0.768
0.00117647
0.854431
0.74149
0.708863
0.00156863
0.829412
0.697059
0.658824
0.00196078
0.808941
0.660706
0.617882
0.00235294
0.79302
0.632431
0.586039
0.0027451
0.780737
0.61062
0.561475
0.00713725
0.774369
0.59931
0.548737
0.00552941
0.772549
0.596078
0.545098
0.00392157
0.772549
0.596078
0.545098
0.00392157
0.772549
0.596078
0.545098
0.00392157
0.772549
0.596078
0.545098
0.00392157
0.772549
0.596078
0.545098
0.00392157
0.772549
0.596078
0.545098
0.00392157
0.772549
0.596078
0.545098
0.00392157
0.772549
0.596078
0.545098
0.00392157
0.772549
0.596078
0.545098
0.00392157
0.772549
0.596078
0.545098
0.00392157
0.772549
0.596078
0.545098
0.00392157
0.772549
0.596078
0.545098
0.00392157
0.772549
0.596078
0.545098
0.00392157
0.772549
0.596078
0.545098
0.00392157
0.772549
0.596078
0.545098
0.00392157
0.772549
0.596078
0.545098
0.00392157
0.772549
0.596078
0.545098
0.00392157
0.772549
0.596078
0.545098
0.00392157
0.772549
0.596078
0.545098
0.00392157
0.772549
0.596078
0.545098
0.00392157
0.772549
0.596078
0.545098
0.00392157
0.772549
0.596078
0.545098
0.00392157
0.772549
0.596078
0.545098
0.00392157
0.772549
0.596078
0.545098
0.00392157
0.772549
0.596078
0.545098
0.00392157
0.772549
0.596078
0.545098
0.00392157
0.772549
0.596078
0.545098
0.00392157
0.772549
0.596078
0.545098
0.00392157
0.772549
0.596078
0.545098
0.00392157
0.772549
0.596078
0.545098
0.00392157
0.772549
0.596078
0.545098
0.00392157
0.772549
0.596078
0.545098
0.00392157
0.772549
0.596078
0.545098
0.00392157
0.772549
0.596078
0.545098
0.00392157
0.772549
0.596078
0.545098
0.00392157
0.772549
0.596078
0.545098
0.00392157
0.772549
0.596078
0.545098
0.00392157
0.772549
0.596078
0.545098
0.00392157
0.772549
0.596078
0.545098
0.00392157
0.772549
0.596078
0.545098
0.00392157
0.772549
0.596078
0.545098
0.00392157
0.772549
0.596078
0.545098
0.00392157
0.772549
0.596078
0.545098
0.00392157
0.772549
0.596078
0.545098
0.00392157
0.772549
0.596078
0.545098
0.00392157
0.772549
0.596078
0.545098
0.00392157
0.772549
0.596078
0.545098
0.00392157
0.772549
0.596078
0.545098
0.00392157
0.772549
0.596078
0.545098
0.00392157
0.772549
0.596078
0.545098
0.00392157
0.772549
0.596078
0.545098
0.00392157
0.772549
0.596078
0.545098
0.00392157
0.772549
0.596078
0.545098
0.00392157
0.772549
0.596078
0.545098
0.00392157
0.772549
0.596078
0.545098
0.00392157
0.772549
0.596078
0.545098
0.00392157
0.772549
0.596078
0.545098
0.00392157
0.772549
0.596078
0.545098
0.00392157
0.772549
0.596078
0.545098
0.00392157
0.772549
0.596078
0.545098
0.00392157
0.772549
0.596078
0.545098
0.00392157
0.772549
0.596078
0.545098
0.00392157
0.772549
0.596078
0.545098
0.00392157
0.772549
0.596078
0.545098
0.00392157
0.772549
0.596078
0.545098
0.00392157
0.772549
0.596078
0.545098
0.00392157
0.772549
0.596078
0.545098
0.00392157
0.772549
0.596078
0.545098
0.00392157
0.772549
0.596078
0.545098
0.00392157
0.772549
0.596078
0.545098
0.00392157
0.772549
0.596078
0.545098
0.00392157
0.772549
0.596078
0.545098
0.00392157
0.772549
0.596078
0.545098
0.00392157
0.772549
0.596078
0.545098
0.00392157
0.772549
0.596078
0.545098
0.00392157
0.772549
0.596078
0.545098
0.00392157
0.772549
0.596078
0.545098
0.00392157
0.772549
0.596078
0.545098
0.00392157
0.772549
0.596078
0.545098
0.00392157
0.772549
0.596078
0.545098
0.00392157
0.772549
0.596078
0.545098
0.00392157
0.772549
0.596078
0.545098
0.00392157
0.772549
0.596078
0.545098
0.00392157
0.772549
0.596078
0.545098
0.00392157
0.772549
0.596078
0.545098
0.00392157
0.772549
0.596078
0.545098
0.00392157
0.772549
0.596078
0.545098
0.00392157
0.772549
0.596078
0.545098
0.00392157
0.772549
0.596078
0.545098
0.00392157
0.772549
0.596078
0.545098
0.00392157
0.772549
0.596078
0.545098
0.00392157
0.772549
0.596078
0.545098
0.00392157
0.772549
0.596078
0.545098
0.00392157
0.774824
0.600118
0.549647
0.0135294
0.781647
0.612235
0.563294
0.0431373
0.79302
0.632431
0.586039
0.0927451
0.808941
0.660706
0.617882
0.162353
0.829412
0.697059
0.658824
0.251961
0.854431
0.74149
0.708863
0.361569
0.884
0.794
0.768
0.491176
0.918118
0.854588
0.836235
0.640784
0.956784
0.923255
0.913569
0.810392
1
1
1
1
1
1
1
1
1
1
1
1
1
1
1
1
1
1
1
1
1
1
1
1
1
1
1
1
1
1
1
1
1
1
1
1
1
1
1
1
1
1
1
1
1
1
1
1
1
1
1
1
1
1
1
1
1
1
1
1
1
1
1
1
1
1
1
1
1
1
1
1
1
1
1
1
1
1
1
1
1
1
1
1
1
1
1
1
1
1
1
1
1
1
1
1
1
1
1
1
1
1
1
1
1
1
1
1
1
1
1
1
1
1
1
1
1
1
1
1
1
1
1
1
1
1
1
1
1
1
1
1
1
1
1
1
1
1
1
1
1
1
1
1
1
1
1
1
1
1
1
1
1
1
1
1
1
1
1
1
1
1
1
1
1
1
1
1
1
1
1
1
1
1
1
1
1
1
1
1
1
0.94
0.94
1
1
0.86
0.86
1
1
0.76
0.76
1
1
0.64
0.64
1
1
0.5
0.5
1
1
0.4
0.4
1
1
0.3
0.3
1
1
0.2
0.2
1
1
0.1
0.1
1
1
0
0
1
1
0
0
1
1
0
0
1
1
0
0
1
1
0
0
1
1
0
0
1
1
0
0
1
1
0
0
1
1
0
0
1
1
0
0
1
1
0
0
1
1
0
0
1
1
0
0
1
1
0
0
1
1
0
0
1
1
0
0
1
1
0
0
1
1
0
0
1
1
0
0
1
1
0
0
1
1
0
0
1
1
0
0
1
1
0
0
1
1
0
0
1
1
0
0
1
1
0
0
1
1
0
0
1
1
0
0
1
1
0
0
1
1
0
0
1
1
0
0
1
1
0
0
1
1
0
0
1
1
0
0
1
1
0
0
1
1
0
0
1
1
0
0
1
1
0
0
1
1
0
0
1
1
0
0
1
1
0
0
1
1
0
0
1
1
0
0
1
1
0
0
1
1
0
0
1
1
0
0
1
1
0
0
1
1
0
0
1
1
0
0
1
1
0
0
1
1
0
0
1
1
0
0
1
1
0
0
1
1
0
0
1
1
0
0
1
1
0
0
1
1
0
0
1
1
0
0
1
1
0
0
1
1
0
0
1
1
0
0
1
1
0
0
1
1
0
0
1
1
0
0
1
1
0
0
1
1
0
0
1
1
0
0
1
1
0
0
1
1
0
0
1
1
0
0
1
1
0
0
1
1
0
0
1
1
0
0
1
1
0
0
1
1
0
0
1
1
0
0
1
1
0
0
1
1
0
0
1
1
0
0
1
1
0
0
1
1
0
0
1
1
0
0
1
1
0
0
1
1
0
0
1
1
0
0
1
1
0
0
1
1
0
0
1
1
0
0
1
1
0
0
1
1
0
0
1
1
0
0
1
1
0
0
1
1
0
0
1
1
0
0
1
1
0
0
1
1
0
0
1
1
0
0
1
1
0
0
1
1
0
0
1
1
0
0
1
1
0
0
1
1
0
0
1
1
0
0
1
1
0
0
1
1
0
0
1
1
0
0
1
1
0
0
1
1
0
0
1
1
0
0
1
1
0
0
1
1
0
0
1
1
0
0
1
1
0
0
1
1
0
0
1
1
0
0
1
1
0
0
1
1
0
0
1
1
0
0
1
1
0
0
1
1
0
0
1
1
0
0
1
1
0
0
1
1
0
0
1
1
0
0
1
1
0
0
1
1
0
0
1
1
0
0
1
1
0
0
1
1
0
0
1
1
0
0
1
1
0
0
1
1
0
0
1
1
0
0
1
1
0
0
1
1
0
0
1
1
0
0
1
1
0
0
1
1
0
0
1
1
0
0
1
1
0
0
1
1
0
0
1
1
0
0
1
1
0
0
1
1
0
0
1
1
0
0
1
1
0
0
1
1
0
0
1
1
0
0
1
1
0
0
1
1
0
0
1
1
0
0
1
1
0
0
1
1
0
0
1
1
0
0
1
1
0
0
1
1
0
0
1
1
0
0
1
1
0
0
1
1
0
0
1
1
0
0
1
1
0
0
1
1
0
0
1
1
0
0
1
1
0
0
1
1
0
0
1
1
0
0
1
1
0
0
1
1
0
0
1
1
0
0
1
1
0
0
1
1
0
0
1
1
0
0
1
1
0
0
1
1
0
0
1
1
0.1
0.1
1
1
0.2
0.2
1
1
0.3
0.3
1
1
0.4
0.4
1
1
0.5
0.5
1
1
0.6
0.6
1
1
0.7
0.7
1
1
0.8
0.8
1
1
0.9
0.9
1
1
1
1
1
1
1
1
1
1
1
1
1
1
1
1
1
1
1
1
1
1
1
1
1
1
1
1
1
1
1
1
1
1
1
1
1
1
1
1
1
1
1
1
1
1
1
1
1
1
1
1
1
1
1
1
1
1
1
1
1
1
1
1
1
1
1
1
1
1
1
1
1
1
1
1
1
1
1
1
1
1
1
1
1
1
1
1
1
1
1
1
1
1
1
1
1
1
1
1
1
1
1
1
1
1
1
1
1
1
1
1
1
1
1
1
1
1
1
1
1
1
1
1
1
1
1
1
1
1
1
1
1
1
1
1
1
1
1
1
1
1
1
1
1
1
1
1
1
1
1
1
1
1
1
1
1
1
1
1
1
1
1
1
1
1
1
1
1
1
1
1
1
1
1
1
1
1
1
1
1
1
1
1
1
1
1
1
1
1
1
1
1
1
1
1
1
1
1
1
1
1
1
1
1
1
1
1
1
1
1
1
1
1
1
1
1
1
1
1
1
1
1
1
1
1
1
1
1
1
1
1
1
1
1
1
1
1
1
1
1
1
1
1
1
1
1
1
1
1
1
1
1
1
1
1
1
1
1
1
1
1
1
1
1
1
1
1
1
1
1
1
1
1
1
1
1
1
1
1
1
1
1
1
1
1
1
1
1
1
1
1
1
1
1
1
1
1
1
1
1
1
1
1
1
1
1
1
1
1
1
1
1
1
1
1
1
1
1
1
1
1
1
1
1
1
1
1
1
1
1
1
1
1
1
1
1
1
1
1
1
1
1
1
1
1
1
1
1
1
1
1
1
1
1
1
1
1
1
1
1
Air,20,20,65,264,0,255,255,255
Skin,85,20,74,264,1,197,152,139
