1.22008
0
0
0
0
1.73205
0
0
0
0
-1.03175
-1
0
0
-1.01587
0
0.999287
0.0112256
-0.0359931
0
-0.033366
-0.181253
-0.982867
0
-0.0175577
0.98337
-0.18075
0
0
0
0
1
1.83158
0
0
0
0
1.83158
0
0
0
0
1.83158
0
0
0
0
1
1
0
0
0
0
1
0
0
0
0
1
0
-0.0370001
0.00199992
-3.4641
1
0.823529
0.823529
0.823529
1
1
1
0
1
1
1
0
1
1
1
0
1
1
1
0
1
1
1
0
1
1
1
0
1
1
1
0
1
1
1
0
1
1
1
0
1
1
1
0
1
1
1
0
1
1
1
0
1
1
1
0
1
1
1
0
1
1
1
0
1
1
1
0
1
1
1
0
1
1
1
0
1
1
1
0
1
1
1
0
1
1
1
0
1
1
1
0
1
1
1
0
1
1
1
0
1
1
1
0
1
1
1
0
1
1
1
0
1
1
1
0
1
1
1
0
1
1
1
0
1
1
1
0
1
1
1
0
1
1
1
0
1
1
1
0
1
1
1
0
1
1
1
0
1
1
1
0
1
1
1
0
1
1
1
0
1
1
1
0
1
1
1
0
1
1
1
0
1
1
1
0
1
1
1
0
1
1
1
0
1
1
1
0
1
1
1
0
1
1
1
0
1
1
1
0
1
1
1
0
1
1
1
0
1
1
1
0
1
1
1
0
1
1
1
0
1
1
1
0
1
1
1
0
0.977255
0.959608
0.95451
0
0.95451
0.919216
0.90902
0
0.931765
0.878824
0.863529
0
0.90902
0.838431
0.818039
0
0.886275
0.798039
0.772549
0
0.846243
0.726949
0.692486
0.0903922
0.81622
0.673631
0.632439
0.160784
0.794839
0.635663
0.589678
0.211176
0.780737
0.61062
0.561475
0.241569
0.772549
0.596078
0.545098
0.251961
0.772549
0.596078
0.545098
0.242353
0.772549
0.596078
0.545098
0.212745
0.772549
0.596078
0.545098
0.163137
0.772549
0.596078
0.545098
0.0935294
0.772549
0.596078
0.545098
0.00392157
0.772549
0.596078
0.545098
0.00392157
0.772549
0.596078
0.545098
0.00392157
0.772549
0.596078
0.545098
0.00392157
0.772549
0.596078
0.545098
0.00392157
0.772549
0.596078
0.545098
0.00392157
0.772549
0.596078
0.545098
0.00392157
0.772549
0.596078
0.545098
0.00392157
0.772549
0.596078
0.545098
0.00392157
0.772549
0.596078
0.545098
0.00392157
0.772549
0.596078
0.545098
0.00392157
0.772549
0.596078
0.545098
0.00392157
0.772549
0.596078
0.545098
0.00392157
0.772549
0.596078
0.545098
0.00392157
0.772549
0.596078
0.545098
0.00392157
0.772549
0.596078
0.545098
0.00392157
0.772549
0.596078
0.545098
0.00392157
0.772549
0.596078
0.545098
0.00392157
0.772549
0.596078
0.545098
0.00392157
0.772549
0.596078
0.545098
0.00392157
0.772549
0.596078
0.545098
0.00392157
0.772549
0.596078
0.545098
0.00392157
0.772549
0.596078
0.545098
0.00392157
0.772549
0.596078
0.545098
0.00392157
0.772549
0.596078
0.545098
0.00392157
0.772549
0.596078
0.545098
0.00392157
0.772549
0.596078
0.545098
0.00392157
0.772549
0.596078
0.545098
0.00392157
0.772549
0.596078
0.545098
0.00392157
0.772549
0.596078
0.545098
0.00392157
0.772549
0.596078
0.545098
0.00392157
0.772549
0.596078
0.545098
0.00392157
0.772549
0.596078
0.545098
0.00392157
0.772549
0.596078
0.545098
0.00392157
0.772549
0.596078
0.545098
0.00392157
0.772549
0.596078
0.545098
0.00392157
0.772549
0.596078
0.545098
0.00392157
0.772549
0.596078
0.545098
0.00392157
0.772549
0.596078
0.545098
0.00392157
0.772549
0.596078
0.545098
0.00392157
0.772549
0.596078
0.545098
0.00392157
0.772549
0.596078
0.545098
0.00392157
0.772549
0.596078
0.545098
0.00392157
0.772549
0.596078
0.545098
0.00392157
0.772549
0.596078
0.545098
0.00392157
0.772549
0.596078
0.545098
0.00392157
0.772549
0.596078
0.545098
0.00392157
0.772549
0.596078
0.545098
0.00392157
0.772549
0.596078
0.545098
0.00392157
0.772549
0.596078
0.545098
0.00392157
0.772549
0.596078
0.545098
0.00392157
0.772549
0.596078
0.545098
0.00392157
0.772549
0.596078
0.545098
0.00392157
0.772549
0.596078
0.545098
0.00392157
0.772549
0.596078
0.545098
0.00392157
0.772549
0.596078
0.545098
0.00392157
0.772549
0.596078
0.545098
0.00392157
0.772549
0.596078
0.545098
0.00392157
0.772549
0.596078
0.545098
0.00392157
0.772549
0.596078
0.545098
0.00392157
0.772549
0.596078
0.545098
0.00392157
0.772549
0.596078
0.545098
0.00392157
0.772549
0.596078
0.545098
0.00392157
0.772549
0.596078
0.545098
0.00392157
0.795294
0.536471
0.490588
0.103529
0.818039
0.476863
0.436078
0.203137
0.840784
0.417255
0.381569
0.302745
0.863529
0.357647
0.327059
0.402353
0.886275
0.298039
0.272549
0.501961
0.90902
0.238431
0.218039
0.601569
0.931765
0.178824
0.163529
0.701176
0.95451
0.119216
0.10902
0.800784
0.977255
0.0596079
0.0545098
0.900392
1
0
0
1
1
0
0
1
1
0
0
1
1
0
0
1
1
0
0
1
1
0
0
1
1
0
0
1
1
0
0
1
1
0
0
1
1
0
0
1
1
0
0
1
1
0
0
1
1
0
0
1
1
0
0
1
1
0
0
1
1
0
0
1
1
0
0
1
1
0
0
1
1
0
0
1
1
0
0
1
1
0.1
0.1
1
1
0.2
0.2
1
1
0.3
0.3
1
0.986353
0.435765
0.432706
0.94
0.977255
0.559608
0.55451
0.9
0.972706
0.671529
0.665412
0.88
0.972706
0.771529
0.765412
0.88
0.977255
0.859608
0.85451
0.9
0.986353
0.935765
0.932706
0.94
1
1
1
1
1
1
1
1
1
1
1
1
1
1
1
1
1
1
1
1
1
1
1
1
1
1
1
1
1
1
1
1
1
1
1
1
1
1
1
1
1
1
1
1
1
1
1
1
1
1
1
1
1
1
1
1
1
1
1
1
1
1
1
1
1
1
1
1
1
1
1
1
1
1
1
1
1
1
1
1
1
1
1
1
1
1
1
1
1
1
1
1
1
1
1
1
1
1
1
1
1
1
1
1
1
1
1
1
1
1
1
1
1
1
1
1
1
1
1
1
1
1
1
1
1
1
1
1
1
1
1
1
1
1
1
1
1
1
1
1
1
1
1
1
1
1
1
1
1
1
1
1
1
1
1
1
1
1
1
1
1
1
1
1
1
1
1
1
1
1
1
1
1
1
1
1
1
1
1
1
1
1
1
1
1
1
1
1
1
1
1
1
1
1
1
1
1
1
1
1
1
1
1
1
1
1
1
1
1
1
1
1
1
1
1
1
1
1
1
1
1
1
1
1
1
1
1
1
1
1
1
1
1
1
1
1
1
1
1
1
1
1
1
1
1
1
1
1
1
1
1
1
1
1
1
1
1
1
1
1
1
1
1
1
1
1
1
1
1
1
1
1
1
1
1
1
1
1
1
1
1
1
1
1
1
1
1
1
1
1
1
1
1
1
1
1
1
1
1
1
1
1
1
1
1
1
1
1
1
1
1
1
1
1
1
1
1
1
1
1
1
1
1
1
1
1
1
1
1
1
1
1
1
1
1
1
1
1
1
1
1
1
1
1
1
1
1
1
1
1
1
1
1
1
1
1
1
1
1
1
1
1
1
1
1
1
1
1
1
1
1
1
1
1
1
1
1
1
1
1
1
1
1
1
1
1
1
1
1
1
1
1
1
1
1
1
1
1
1
1
1
1
1
1
1
1
1
1
1
1
1
1
1
1
1
1
1
1
1
1
1
1
1
1
1
1
1
1
1
1
1
1
1
1
1
1
1
1
1
1
1
1
1
1
1
1
1
1
1
1
1
1
1
1
1
1
1
1
1
1
1
1
1
1
1
1
1
1
1
1
1
1
1
1
1
1
1
1
1
1
1
1
1
1
1
1
1
1
1
1
1
1
1
1
1
1
1
1
1
1
1
1
1
1
1
1
1
1
1
1
1
1
1
1
1
1
1
1
1
1
1
1
1
1
1
1
1
1
1
1
1
1
1
1
1
1
1
1
1
1
1
1
1
1
1
1
1
1
1
1
1
1
1
1
1
1
1
1
1
1
1
1
1
1
1
1
1
1
1
1
1
1
1
1
1
1
1
1
1
1
1
1
1
1
1
1
1
1
1
1
1
1
1
1
1
1
1
1
1
1
1
1
1
1
1
1
1
1
1
1
1
1
1
1
1
1
1
1
1
1
1
1
1
1
1
1
1
1
1
1
1
1
1
1
1
1
1
1
1
1
1
1
1
1
1
1
1
1
1
1
1
1
1
1
1
1
1
1
1
1
1
1
1
1
1
1
1
1
1
1
1
1
1
1
1
1
1
1
1
1
1
1
1
1
1
1
1
1
1
1
1
1
1
1
1
1
1
1
1
1
1
1
1
1
1
1
1
1
1
1
1
1
1
1
1
1
1
1
1
1
1
1
1
1
1
1
1
1
1
1
1
1
1
1
1
1
1
1
1
1
1
1
1
1
1
1
1
1
1
1
1
1
1
1
1
1
1
1
1
1
1
1
1
1
1
1
1
1
1
1
1
1
1
1
1
1
1
1
1
1
1
1
1
1
1
1
1
1
1
1
1
1
1
1
1
1
1
1
1
1
1
1
1
1
1
1
1
1
1
1
1
1
1
1
1
1
1
1
1
1
1
1
1
1
1
1
1
1
1
1
1
1
1
1
1
1
1
1
1
1
1
1
1
1
1
1
1
1
1
1
1
1
1
1
1
1
1
1
1
1
1
1
1
1
1
1
1
1
1
1
1
1
1
1
1
1
1
1
1
1
1
1
1
1
1
1
1
1
1
1
1
1
1
1
1
1
1
1
1
1
1
1
1
1
1
1
1
1
1
1
1
1
1
1
1
1
1
1
1
1
1
1
1
1
1
1
1
1
1
1
1
1
1
1
1
1
1
1
1
1
1
1
1
1
1
1
1
1
1
1
1
1
1
1
1
1
1
1
1
1
1
1
1
1
1
1
1
1
1
1
1
1
1
1
1
1
1
1
1
1
1
1
1
1
1
1
1
1
1
1
1
1
1
1
1
1
1
1
1
1
1
1
1
1
1
1
1
1
1
1
1
1
1
1
1
1
1
1
1
1
1
1
1
1
1
1
1
1
1
1
1
1
1
1
1
1
1
1
1
1
1
1
1
1
1
1
1
1
1
1
1
1
1
1
1
1
1
1
1
1
1
1
1
1
1
1
1
1
1
1
1
1
1
1
1
1
1
1
1
1
1
1
1
1
1
1
1
1
1
1
1
1
1
1
1
1
1
1
1
1
1
1
1
1
1
1
1
1
1
1
1
1
1
1
1
1
1
1
1
1
1
1
1
1
1
1
1
1
1
1
1
1
1
1
1
1
1
1
1
1
1
1
1
1
1
1
1
1
1
1
1
1
1
1
1
1
1
1
1
1
1
1
1
1
1
1
1
1
1
1
1
1
1
1
1
1
1
1
1
1
1
1
1
1
1
1
1
1
1
1
1
1
1
1
1
1
1
1
1
1
1
1
1
1
1
1
1
1
1
1
1
1
1
1
1
1
1
1
1
1
1
1
1
1
1
1
1
1
1
1
1
1
1
1
1
1
1
1
1
1
1
1
1
1
1
1
1
1
1
1
1
1
1
1
1
1
1
1
1
1
1
1
1
1
1
1
1
1
1
1
1
1
1
1
1
1
1
1
1
1
1
1
1
1
1
1
1
1
1
1
1
1
1
1
1
1
1
1
1
1
1
1
1
1
1
1
1
1
1
1
1
1
1
1
1
1
1
1
1
1
1
1
1
1
1
1
1
1
1
1
1
1
1
1
1
1
1
1
1
1
1
1
1
1
1
1
1
1
1
1
1
1
1
1
1
1
1
1
1
1
Air,20,20,48,264,255,0,0,0
Skin,75,20,51,264,1,197,152,139
Blood,101,20,50,264,255,255,0,0
Skeleton,155,20,226,264,255,255,255,255
