1.22008
0
0
0
0
1.73205
0
0
0
0
-1.03175
-1
0
0
-1.01587
0
0.978527
0.0135334
0.205669
0
0.198451
-0.331397
-0.922381
0
0.055675
0.943392
-0.326967
0
0
0
0
1
1.86877
0
0
0
0
1.86877
0
0
0
0
1.86877
0
0
0
0
1
1
0
0
0
0
1
0
0
0
0
1
0
0.028
-0.00300004
-3.4641
1
1
0.666667
0.498039
1
1
1
0
1
1
1
0
1
1
1
0
1
1
1
0
1
1
1
0
1
1
1
0
1
1
1
0
1
1
1
0
1
1
1
0
1
1
1
0
1
1
1
0
1
1
1
0
1
1
1
0
1
1
1
0
1
1
1
0
1
1
1
0
1
1
1
0
1
1
1
0
1
1
1
0
1
1
1
0
1
1
1
0
1
1
1
0
1
1
1
0
1
1
1
0
1
1
1
0
1
1
1
0
1
1
1
0
1
1
1
0
1
1
1
0
1
1
1
0
1
1
1
0
1
1
1
0
1
1
1
0
1
1
1
0
1
1
1
0
1
1
1
0
1
1
1
0
1
1
1
0
1
1
1
0
1
1
1
0
1
1
1
0
1
1
1
0
1
1
1
0
1
1
1
0
1
1
1
0
1
1
1
0
1
1
1
0
1
1
1
0
1
1
1
0
1
1
1
0
1
1
1
0
1
1
1
0
1
1
1
0
1
1
1
0
1
1
1
0
1
1
1
0
1
1
1
0
1
1
1
0
1
1
1
0
1
1
1
0
1
1
1
0
1
1
1
0
1
1
1
0
1
1
1
0
1
1
1
0
1
1
1
0
1
1
1
0
1
1
1
0
1
1
1
0
1
1
1
0
1
1
1
0
1
1
1
0
1
1
1
0
1
1
1
0
1
1
1
0
1
1
1
0
1
1
1
0
1
1
1
0
1
1
1
0
1
1
1
0
1
1
1
0
0.993725
0.975686
0.969412
0.1
0.987451
0.951373
0.938824
0.2
0.981176
0.927059
0.908235
0.3
0.974902
0.902745
0.877647
0.4
0.968627
0.878431
0.847059
0.5
0.962353
0.854118
0.816471
0.6
0.956078
0.829804
0.785882
0.7
0.949804
0.80549
0.755294
0.8
0.942902
0.778745
0.721647
0.91
0.937255
0.756863
0.694118
1
0.937255
0.756863
0.694118
1
0.937255
0.756863
0.694118
1
0.937255
0.756863
0.694118
1
0.937255
0.756863
0.694118
1
0.937255
0.756863
0.694118
1
0.937255
0.756863
0.694118
1
0.937255
0.756863
0.694118
1
0.937255
0.756863
0.694118
1
0.937255
0.756863
0.694118
1
0.937255
0.756863
0.694118
1
0.937255
0.756863
0.694118
1
0.937255
0.756863
0.694118
1
0.937255
0.756863
0.694118
1
0.937255
0.756863
0.694118
1
0.937255
0.756863
0.694118
1
0.937255
0.756863
0.694118
1
0.937255
0.756863
0.694118
1
0.937255
0.756863
0.694118
1
0.937255
0.756863
0.694118
1
0.937255
0.756863
0.694118
1
0.937255
0.756863
0.694118
1
0.937255
0.756863
0.694118
1
0.937255
0.756863
0.694118
1
0.937255
0.756863
0.694118
1
0.937255
0.756863
0.694118
1
0.937255
0.756863
0.694118
1
0.937255
0.756863
0.694118
1
0.937255
0.756863
0.694118
1
0.937255
0.756863
0.694118
1
0.937255
0.756863
0.694118
1
0.937255
0.756863
0.694118
1
0.937255
0.756863
0.694118
1
0.937255
0.756863
0.694118
1
0.937255
0.756863
0.694118
1
0.937255
0.756863
0.694118
1
0.937255
0.756863
0.694118
1
0.937255
0.756863
0.694118
1
0.937255
0.756863
0.694118
1
0.937255
0.756863
0.694118
1
0.937255
0.756863
0.694118
1
0.937255
0.756863
0.694118
1
0.937255
0.756863
0.694118
1
0.937255
0.756863
0.694118
1
0.937255
0.756863
0.694118
1
0.937255
0.756863
0.694118
1
0.937255
0.756863
0.694118
1
0.937255
0.756863
0.694118
1
0.937255
0.756863
0.694118
1
0.937255
0.756863
0.694118
1
0.937255
0.756863
0.694118
1
0.937255
0.756863
0.694118
1
0.937255
0.756863
0.694118
1
0.937255
0.756863
0.694118
1
0.937255
0.756863
0.694118
1
0.937255
0.756863
0.694118
1
0.937255
0.756863
0.694118
1
0.937255
0.756863
0.694118
1
0.937255
0.756863
0.694118
1
0.937255
0.756863
0.694118
1
0.937255
0.756863
0.694118
1
0.937255
0.756863
0.694118
1
0.937255
0.756863
0.694118
1
0.937255
0.756863
0.694118
1
0.937255
0.756863
0.694118
1
0.937255
0.756863
0.694118
1
0.937255
0.756863
0.694118
1
0.943529
0.681176
0.624706
1
0.949804
0.60549
0.555294
1
0.956078
0.529804
0.485882
1
0.962353
0.454118
0.416471
1
0.968627
0.378431
0.347059
1
0.974902
0.302745
0.277647
1
0.981176
0.227059
0.208235
1
0.987451
0.151373
0.138824
1
0.993725
0.0756863
0.0694118
1
1
0
0
1
1
0
0
1
1
0
0
1
1
0
0
1
1
0
0
1
1
0
0
1
1
0
0
1
1
0
0
1
1
0
0
1
1
0
0
1
1
0
0
1
1
0
0
1
1
0
0
1
1
0
0
1
1
0
0
1
1
0
0
1
1
0
0
1
1
0
0
1
1
0
0
1
1
0.1
0.1
1
1
0.2
0.2
1
1
0.3
0.3
1
1
0.4
0.4
1
1
0.5
0.5
1
1
0.6
0.6
1
1
0.7
0.7
1
1
0.8
0.8
1
1
0.9
0.9
1
1
1
1
1
1
1
1
1
1
1
1
1
1
1
1
1
1
1
1
1
1
1
1
1
1
1
1
1
1
1
1
1
1
1
1
1
1
1
1
1
1
1
1
1
1
1
1
1
1
1
1
1
1
1
1
1
1
1
1
1
1
1
1
1
1
1
1
1
1
1
1
1
1
1
1
1
1
1
1
1
1
1
1
1
1
1
1
1
1
1
1
1
1
1
1
1
1
1
1
1
1
1
1
1
1
1
1
1
1
1
1
1
1
1
1
1
1
1
1
1
1
1
1
1
1
1
1
1
1
1
1
1
1
1
1
1
1
1
1
1
1
1
1
1
1
1
1
1
1
1
1
1
1
1
1
1
1
1
1
1
1
1
1
1
1
1
1
1
1
1
1
1
1
1
1
1
1
1
1
1
1
1
1
1
1
1
1
1
1
1
1
1
1
1
1
1
1
1
1
1
1
1
1
1
1
1
1
1
1
1
1
1
1
1
1
1
1
1
1
1
1
1
1
1
1
1
1
1
1
1
1
1
1
1
1
1
1
1
1
1
1
1
1
1
1
1
1
1
1
1
1
1
1
1
1
1
1
1
1
1
1
1
1
1
1
1
1
1
1
1
1
1
1
1
1
1
1
1
1
1
1
1
1
1
1
1
1
1
1
1
1
1
1
1
1
1
1
1
1
1
1
1
1
1
1
1
1
1
1
1
1
1
1
1
1
1
1
1
1
1
1
1
1
1
1
1
1
1
1
1
1
1
1
1
1
1
1
1
1
1
1
1
1
1
1
1
1
1
1
1
1
1
1
1
1
1
1
1
1
1
1
1
1
1
1
1
1
1
1
1
1
1
1
1
1
1
1
1
1
1
1
1
1
1
1
1
1
1
1
1
1
1
1
1
1
1
1
1
1
1
1
1
1
1
1
1
1
1
1
1
1
1
1
1
1
1
1
1
1
1
1
1
1
1
1
1
1
1
1
1
1
1
1
1
1
1
1
1
1
1
1
1
1
1
1
1
1
1
1
1
1
1
1
1
1
1
1
1
1
1
1
1
1
1
1
1
1
1
1
1
1
1
1
1
1
1
1
1
1
1
1
1
1
1
1
1
1
1
1
1
1
1
1
1
1
1
1
1
1
1
1
1
1
1
1
1
1
1
1
1
1
1
1
1
1
1
1
1
1
1
1
1
1
1
1
1
1
1
1
1
1
1
1
1
1
1
1
1
1
1
1
1
1
1
1
1
1
1
1
1
1
1
1
1
1
1
1
1
1
1
1
1
1
1
1
1
1
1
1
1
1
1
1
1
1
1
1
1
1
1
1
1
1
1
1
1
1
1
1
1
1
1
1
1
1
1
1
1
1
1
1
1
1
1
1
1
1
1
1
1
1
1
1
1
1
1
1
1
1
1
1
1
1
1
1
1
1
1
1
1
1
1
1
1
1
1
1
1
1
1
1
1
1
1
1
1
1
1
1
1
1
1
1
1
1
1
1
1
1
1
1
1
1
1
1
1
1
1
1
1
1
1
1
1
1
1
1
1
1
1
1
1
1
1
1
1
1
1
1
1
1
1
1
1
1
1
1
1
1
1
1
1
1
1
1
1
1
1
1
1
1
1
1
1
1
1
1
1
1
1
1
1
1
1
1
1
1
1
1
1
1
1
1
1
1
1
1
1
1
1
1
1
1
1
1
1
1
1
1
1
1
1
1
1
1
1
1
1
1
1
1
1
1
1
1
1
1
1
1
1
1
1
1
1
1
1
1
1
1
1
1
1
1
1
1
1
1
1
1
1
1
1
1
1
1
1
1
1
1
1
1
1
1
1
1
1
1
1
1
1
1
1
1
1
1
1
1
1
1
1
1
1
1
1
1
1
1
1
1
0.9
0.9
1
1
0.8
0.8
1
1
0.7
0.7
1
1
0.6
0.6
1
1
0.5
0.5
1
1
0.4
0.4
1
1
0.3
0.3
1
1
0.2
0.2
1
1
0.1
0.1
1
1
0
0
1
1
0
0
1
1
0
0
1
1
0
0
1
1
0
0
1
1
0
0
1
1
0
0
1
1
0
0
1
1
0
0
1
1
0
0
1
1
0
0
1
1
0
0
1
1
0
0
1
1
0
0
1
1
0
0
1
1
0
0
1
1
0
0
1
1
0
0
1
1
0
0
1
1
0
0
1
1
0
0
1
1
0
0
1
1
0
0
1
1
0
0
1
1
0
0
1
1
0
0
1
1
0
0
1
1
0
0
1
1
0
0
1
1
0
0
1
1
0
0
1
1
0
0
1
1
0
0
1
1
0
0
1
1
0
0
1
1
0
0
1
1
0
0
1
1
0
0
1
1
0
0
1
1
0
0
1
1
0
0
1
1
0
0
1
1
0
0
1
1
0
0
1
1
0
0
1
1
0
0
1
1
0
0
1
1
0
0
1
1
0
0
1
1
0
0
1
1
0
0
1
1
0
0
1
1
0
0
1
1
0
0
1
1
0
0
1
1
0
0
1
1
0
0
1
1
0
0
1
1
0
0
1
1
0
0
1
1
0
0
1
1
0
0
1
1
0
0
1
1
0
0
1
1
0
0
1
1
0
0
1
1
0
0
1
1
0
0
1
1
0
0
1
1
0
0
1
1
0
0
1
1
0
0
1
1
0
0
1
1
0
0
1
1
0
0
1
1
0
0
1
1
0
0
1
1
0
0
1
1
0
0
1
1
0
0
1
1
0
0
1
1
0
0
1
1
0
0
1
1
0
0
1
1
0
0
1
1
0
0
1
1
0
0
1
1
0
0
1
1
0
0
1
1
0
0
1
1
0
0
1
1
0
0
1
1
0
0
1
1
0
0
1
1
0
0
1
1
0
0
1
1
0
0
1
1
0
0
1
1
0
0
1
1
0
0
1
1
0
0
1
1
0
0
1
Air,20,20,48,264,255,0,0,0
Blood,124,20,77,264,255,255,0,0
Skeleton,172,20,163,264,255,255,255,255
Skin,91,20,53,264,255,239,193,177
