1.22008
0
0
0
0
1.73205
0
0
0
0
-1.03175
-1
0
0
-1.01587
0
0.715182
0.124856
-0.687692
0
-0.506971
-0.584641
-0.633381
0
-0.481136
0.801625
-0.354827
0
0
0
0
1
1.83158
0
0
0
0
1.83158
0
0
0
0
1.83158
0
0
0
0
1
1
0
0
0
0
1
0
0
0
0
1
0
-0.124
0.0339999
-3.4641
1
0.823529
0.243137
0.266667
1
1
1
0
1
1
1
0
1
1
1
0
1
1
1
0
1
1
1
0
1
1
1
0
1
1
1
0
1
1
1
0
1
1
1
0
1
1
1
0
1
1
1
0
1
1
1
0
1
1
1
0
1
1
1
0
1
1
1
0
1
1
1
0
1
1
1
0
1
1
1
0
1
1
1
0
1
1
1
0
1
1
1
0
1
1
1
0
1
1
1
0
1
1
1
0
1
1
1
0
1
1
1
0
1
1
1
0
1
1
1
0
1
1
1
0
1
1
1
0
1
1
1
0
1
1
1
0
1
1
1
0
1
1
1
0
1
1
1
0
1
1
1
0
1
1
1
0
1
1
1
0
1
1
1
0
1
1
1
0
1
1
1
0
1
1
1
0
1
1
1
0
1
1
1
0
1
1
1
0
1
1
1
0
1
1
1
0
1
1
1
0
1
1
1
0
1
1
1
0
1
1
1
0
1
1
1
0
1
1
1
0
1
1
1
0
1
1
1
0
1
1
1
0
0.977255
0.959608
0.95451
0
0.95451
0.919216
0.90902
0
0.931765
0.878824
0.863529
0
0.90902
0.838431
0.818039
0
0.886275
0.798039
0.772549
0
0.863529
0.757647
0.727059
0
0.840784
0.717255
0.681569
0
0.818039
0.676863
0.636078
0
0.795294
0.636471
0.590588
0
0.772549
0.596078
0.545098
0
0.772549
0.596078
0.545098
0
0.772549
0.596078
0.545098
0
0.772549
0.596078
0.545098
0
0.772549
0.596078
0.545098
0
0.772549
0.596078
0.545098
0
0.772549
0.596078
0.545098
0
0.772549
0.596078
0.545098
0
0.772549
0.596078
0.545098
0
0.772549
0.596078
0.545098
0
0.772549
0.596078
0.545098
0
0.772549
0.596078
0.545098
0
0.772549
0.596078
0.545098
0
0.772549
0.596078
0.545098
0
0.772549
0.596078
0.545098
0
0.772549
0.596078
0.545098
0
0.772549
0.596078
0.545098
0
0.772549
0.596078
0.545098
0
0.772549
0.596078
0.545098
0
0.772549
0.596078
0.545098
0
0.772549
0.596078
0.545098
0
0.772549
0.596078
0.545098
0
0.772549
0.596078
0.545098
0
0.772549
0.596078
0.545098
0
0.772549
0.596078
0.545098
0
0.772549
0.596078
0.545098
0
0.772549
0.596078
0.545098
0
0.772549
0.596078
0.545098
0
0.772549
0.596078
0.545098
0
0.772549
0.596078
0.545098
0
0.772549
0.596078
0.545098
0
0.772549
0.596078
0.545098
0
0.772549
0.596078
0.545098
0
0.772549
0.596078
0.545098
0
0.772549
0.596078
0.545098
0
0.772549
0.596078
0.545098
0
0.772549
0.596078
0.545098
0
0.772549
0.596078
0.545098
0
0.772549
0.596078
0.545098
0
0.772549
0.596078
0.545098
0
0.772549
0.596078
0.545098
0
0.772549
0.596078
0.545098
0
0.772549
0.596078
0.545098
0
0.772549
0.596078
0.545098
0
0.772549
0.596078
0.545098
0
0.772549
0.596078
0.545098
0
0.772549
0.596078
0.545098
0
0.772549
0.596078
0.545098
0
0.772549
0.596078
0.545098
0
0.772549
0.596078
0.545098
0
0.772549
0.596078
0.545098
0
0.772549
0.596078
0.545098
0
0.772549
0.596078
0.545098
0
0.772549
0.596078
0.545098
0
0.772549
0.596078
0.545098
0
0.772549
0.596078
0.545098
0
0.772549
0.596078
0.545098
0
0.772549
0.596078
0.545098
0
0.772549
0.596078
0.545098
0
0.772549
0.596078
0.545098
0
0.772549
0.596078
0.545098
0
0.772549
0.596078
0.545098
0
0.772549
0.596078
0.545098
0
0.772549
0.596078
0.545098
0
0.772549
0.596078
0.545098
0
0.772549
0.596078
0.545098
0
0.772549
0.596078
0.545098
0
0.772549
0.596078
0.545098
0
0.772549
0.596078
0.545098
0
0.772549
0.596078
0.545098
0
0.772549
0.596078
0.545098
0
0.772549
0.596078
0.545098
0
0.772549
0.596078
0.545098
0
0.772549
0.596078
0.545098
0
0.772549
0.596078
0.545098
0
0.772549
0.596078
0.545098
0
0.772549
0.596078
0.545098
0
0.772549
0.596078
0.545098
0
0.772549
0.596078
0.545098
0
0.772549
0.596078
0.545098
0
0.772549
0.596078
0.545098
0
0.772549
0.596078
0.545098
0
0.772549
0.596078
0.545098
0
0.772549
0.596078
0.545098
0
0.772549
0.596078
0.545098
0
0.772549
0.596078
0.545098
0
0.772549
0.596078
0.545098
0
0.772549
0.596078
0.545098
0
0.772549
0.596078
0.545098
0
0.772549
0.596078
0.545098
0
0.772549
0.596078
0.545098
0
0.772549
0.596078
0.545098
0
0.772549
0.596078
0.545098
0
0.772549
0.596078
0.545098
0
0.772549
0.596078
0.545098
0
0.772549
0.596078
0.545098
0
0.772549
0.596078
0.545098
0
0.772549
0.596078
0.545098
0
0.772549
0.596078
0.545098
0
0.772549
0.596078
0.545098
0
0.772549
0.596078
0.545098
0
0.772549
0.596078
0.545098
0
0.772549
0.596078
0.545098
0
0.772549
0.596078
0.545098
0
0.772549
0.596078
0.545098
0
0.772549
0.596078
0.545098
0
0.772549
0.596078
0.545098
0
0.772549
0.596078
0.545098
0
0.772549
0.596078
0.545098
0
0.772549
0.596078
0.545098
0
0.772549
0.596078
0.545098
0
0.772549
0.596078
0.545098
0
0.772549
0.596078
0.545098
0
0.772549
0.596078
0.545098
0
0.772549
0.596078
0.545098
0
0.772549
0.596078
0.545098
0
0.772549
0.596078
0.545098
0
0.772549
0.596078
0.545098
0
0.772549
0.596078
0.545098
0
0.772549
0.596078
0.545098
0
0.772549
0.596078
0.545098
0
0.772549
0.596078
0.545098
0
0.772549
0.596078
0.545098
0
0.772549
0.596078
0.545098
0
0.772549
0.596078
0.545098
0
0.772549
0.596078
0.545098
0
0.772549
0.596078
0.545098
0
0.772549
0.596078
0.545098
0
0.772549
0.596078
0.545098
0
0.772549
0.596078
0.545098
0
0.772549
0.596078
0.545098
0
0.772549
0.596078
0.545098
0
0.772549
0.596078
0.545098
0
0.772549
0.596078
0.545098
0
0.772549
0.596078
0.545098
0
0.772549
0.596078
0.545098
0
0.772549
0.596078
0.545098
0
0.772549
0.596078
0.545098
0
0.772549
0.596078
0.545098
0
0.772549
0.596078
0.545098
0
0.772549
0.596078
0.545098
0
0.772549
0.596078
0.545098
0
0.772549
0.596078
0.545098
0
0.795294
0.636471
0.590588
0.1
0.818039
0.676863
0.636078
0.2
0.840784
0.717255
0.681569
0.3
0.863529
0.757647
0.727059
0.4
0.886275
0.798039
0.772549
0.5
0.90902
0.838431
0.818039
0.6
0.931765
0.878824
0.863529
0.7
0.95451
0.919216
0.90902
0.8
0.977255
0.959608
0.95451
0.9
1
1
1
1
1
1
1
1
1
1
1
1
1
1
1
1
1
1
1
1
1
1
1
1
1
1
1
1
1
1
1
1
1
1
1
1
1
1
1
1
1
1
1
1
1
1
1
1
1
1
1
1
1
1
1
1
1
1
1
1
1
1
1
1
1
1
1
1
1
1
1
1
1
1
1
1
1
1
1
1
1
1
1
1
1
1
1
1
1
1
1
1
1
1
1
1
1
1
1
1
1
1
1
1
1
1
1
1
1
1
1
1
1
1
1
1
1
1
1
1
1
1
1
1
1
1
1
1
1
1
1
1
1
1
1
1
1
1
1
1
1
1
1
1
1
1
1
1
1
1
1
1
1
1
1
1
1
1
1
1
1
1
1
1
1
1
1
1
1
1
1
1
1
1
1
1
1
1
1
1
1
1
1
1
1
1
1
1
1
1
1
1
1
1
1
1
1
1
1
1
1
1
1
1
1
1
1
1
1
1
1
1
1
1
1
1
1
1
1
1
1
1
1
1
1
1
1
1
1
1
1
1
1
1
1
1
1
1
1
1
1
1
1
1
1
1
1
1
1
1
1
1
1
1
1
1
1
1
1
1
1
1
1
1
1
1
1
1
1
1
1
1
1
1
1
1
1
1
1
1
1
1
1
1
1
1
1
1
1
1
1
1
1
1
1
1
1
1
1
1
1
1
1
1
1
1
1
1
1
1
1
1
1
1
1
1
1
1
1
1
1
1
1
1
1
1
1
1
1
1
1
1
1
1
1
1
1
1
1
1
1
1
1
1
1
1
1
1
1
1
1
1
1
1
1
1
1
1
1
1
1
1
1
1
1
1
1
1
1
1
1
1
1
1
1
1
1
1
1
1
1
1
1
1
1
1
1
1
1
1
1
1
1
1
1
1
1
1
1
1
1
1
1
1
1
1
1
1
1
1
1
1
1
1
1
1
1
1
1
1
1
1
1
1
1
1
1
1
1
1
1
1
1
1
1
1
1
1
1
1
1
1
1
1
1
1
1
1
1
1
1
1
1
1
1
1
1
1
1
1
1
1
1
1
1
1
1
1
1
1
1
1
1
1
1
1
1
1
1
1
1
1
1
1
1
1
1
1
1
1
1
1
1
1
1
1
1
1
1
1
1
1
1
1
1
1
1
1
1
1
1
1
1
1
1
1
1
1
1
1
1
1
1
1
1
1
1
1
1
1
1
1
1
1
1
1
1
1
1
1
1
1
1
1
1
1
1
1
1
1
1
1
1
1
1
1
1
1
1
1
1
1
1
1
1
1
1
1
1
1
1
1
1
1
1
1
1
1
1
1
1
1
1
1
1
1
1
1
1
1
1
1
1
1
1
1
1
1
1
1
1
1
1
1
1
1
1
1
1
1
1
1
1
1
1
1
1
1
1
1
1
1
1
1
1
1
1
1
1
1
1
1
1
1
1
1
1
1
1
1
1
1
1
1
1
1
1
1
1
1
1
1
1
1
1
1
1
1
1
1
1
1
1
1
1
1
1
1
1
1
1
1
1
1
1
1
1
1
1
1
1
1
1
1
1
1
1
1
1
1
1
1
1
1
1
1
1
1
1
1
1
1
1
1
1
1
1
1
1
1
1
1
1
1
1
1
1
1
1
1
1
1
1
1
1
1
1
1
1
1
1
1
1
1
1
1
1
1
1
1
1
1
1
1
1
1
1
1
1
1
1
1
1
1
1
1
1
1
1
1
1
1
1
1
1
1
1
1
1
1
1
1
1
1
1
1
1
1
1
1
1
1
1
1
1
1
1
1
1
1
1
1
1
1
1
1
1
1
1
1
1
1
1
1
1
1
1
1
1
1
1
1
1
1
1
1
1
1
1
1
1
1
1
1
1
1
1
1
1
1
1
1
1
1
1
1
1
1
1
1
1
1
1
1
1
1
1
1
1
1
1
1
1
1
1
1
1
1
1
1
1
1
1
1
1
1
1
1
1
1
1
1
1
1
1
1
1
1
1
1
1
1
1
1
1
1
1
1
1
1
1
1
1
1
1
1
1
1
1
1
1
1
1
1
1
1
1
1
1
1
1
1
1
1
1
1
1
1
1
1
1
1
1
1
1
1
1
1
1
1
1
1
1
1
1
1
1
1
1
1
1
1
1
1
1
1
1
1
1
1
1
1
1
1
1
1
1
1
1
1
1
1
1
1
1
1
1
1
1
1
1
1
1
1
1
1
1
1
1
1
1
1
1
1
1
1
1
1
1
1
1
1
1
1
1
1
1
1
1
1
1
1
1
1
1
1
1
1
1
1
1
1
1
1
1
1
1
1
1
1
1
1
1
1
1
1
1
1
1
1
1
1
1
1
1
1
1
1
1
1
1
1
1
1
1
1
1
1
1
1
1
1
1
1
1
1
1
1
1
1
1
1
1
1
1
1
1
1
1
1
1
1
1
1
1
1
1
1
1
1
1
1
1
1
1
1
1
1
1
1
1
1
1
1
1
1
1
1
1
1
1
1
1
1
1
1
1
1
1
1
1
1
1
1
1
1
1
1
1
1
1
1
1
1
1
1
1
1
1
1
1
1
1
1
1
1
1
1
1
1
1
1
1
1
1
1
1
1
1
1
1
1
1
1
1
1
1
1
1
1
1
1
1
1
1
1
1
1
1
1
1
1
1
1
1
1
1
1
1
1
Air,20,20,48,264,255,0,0,0
Skin,71,20,120,264,0,197,152,139
Skeleton,190,20,231,264,255,255,255,255
