1.22008
0
0
0
0
1.73205
0
0
0
0
-1.03175
-1
0
0
-1.01587
0
0.980723
-0.163936
-0.106322
0
-0.167281
-0.423214
-0.89045
0
0.10098
0.891073
-0.442479
0
0
0
0
1
1.86877
0
0
0
0
1.86877
0
0
0
0
1.86877
0
0
0
0
1
1
0
0
0
0
1
0
0
0
0
1
0
-0.066
0.101
-3.4641
1
0.823529
0.823529
0.823529
1
1
1
0
1
1
1
0
1
1
1
0
1
1
1
0
1
1
1
0
1
1
1
0
1
1
1
0
1
1
1
0
1
1
1
0
1
1
1
0
1
1
1
0
1
1
1
0
1
1
1
0
1
1
1
0
1
1
1
0
1
1
1
0
1
1
1
0
1
1
1
0
1
1
1
0
1
1
1
0
1
1
1
0
1
1
1
0
1
1
1
0
1
1
1
0
1
1
1
0
1
1
1
0
1
1
1
0
1
1
1
0
1
1
1
0
1
1
1
0
1
1
1
0
1
1
1
0
1
1
1
0
1
1
1
0
1
1
1
0
1
1
1
0
1
1
1
0
1
1
1
0
1
1
1
0
1
1
1
0
1
1
1
0
1
1
1
0
1
1
1
0
1
1
1
0
1
1
1
0
1
1
1
0
1
1
1
0
1
1
1
0
1
1
1
0
1
1
1
0
1
1
1
0
1
1
1
0
1
1
1
0
1
1
1
0
1
1
1
0
1
1
1
0
1
1
1
0
1
1
1
0
1
1
1
0
1
1
1
0
1
1
1
0
1
1
1
0
1
1
1
0
1
1
1
0
1
1
1
0
1
1
1
0
1
1
1
0
1
1
1
0
1
1
1
0
1
1
1
0
1
1
1
0
1
1
1
0
1
1
1
0
1
1
1
0
1
1
1
0
1
1
1
0
1
1
1
0
1
1
1
0
1
1
1
0
1
1
1
0
1
1
1
0
0.988078
0.953804
0.941883
0.0903922
0.977412
0.912471
0.889883
0.160784
0.968
0.876
0.844
0.211176
0.959843
0.844392
0.804235
0.241569
0.952941
0.817647
0.770588
0.251961
0.947294
0.795765
0.743059
0.242353
0.942902
0.778745
0.721647
0.212745
0.939765
0.766588
0.706353
0.163137
0.93782
0.759051
0.696871
0.0945294
0.937255
0.756863
0.694118
0.00392157
0.937255
0.756863
0.694118
0.00392157
0.937255
0.756863
0.694118
0.00392157
0.937255
0.756863
0.694118
0.00392157
0.937255
0.756863
0.694118
0.00392157
0.937255
0.756863
0.694118
0.00392157
0.937255
0.756863
0.694118
0.00392157
0.937255
0.756863
0.694118
0.00392157
0.937255
0.756863
0.694118
0.00392157
0.937255
0.756863
0.694118
0.00392157
0.937255
0.756863
0.694118
0.00392157
0.937255
0.756863
0.694118
0.00392157
0.937255
0.756863
0.694118
0.00392157
0.937255
0.756863
0.694118
0.00392157
0.937255
0.756863
0.694118
0.00392157
0.937255
0.756863
0.694118
0.00392157
0.937255
0.756863
0.694118
0.00392157
0.937255
0.756863
0.694118
0.00392157
0.937255
0.756863
0.694118
0.00392157
0.937255
0.756863
0.694118
0.00392157
0.937255
0.756863
0.694118
0.00392157
0.937255
0.756863
0.694118
0.00392157
0.937255
0.756863
0.694118
0.00392157
0.937255
0.756863
0.694118
0.00392157
0.937255
0.756863
0.694118
0.00392157
0.937255
0.756863
0.694118
0.00392157
0.937255
0.756863
0.694118
0.00392157
0.937255
0.756863
0.694118
0.00392157
0.937255
0.756863
0.694118
0.00392157
0.937255
0.756863
0.694118
0.00392157
0.937255
0.756863
0.694118
0.00392157
0.937255
0.756863
0.694118
0.00392157
0.937255
0.756863
0.694118
0.00392157
0.937255
0.756863
0.694118
0.00392157
0.937255
0.756863
0.694118
0.00392157
0.937255
0.756863
0.694118
0.00392157
0.937255
0.756863
0.694118
0.00392157
0.937255
0.756863
0.694118
0.00392157
0.937255
0.756863
0.694118
0.00392157
0.937255
0.756863
0.694118
0.00392157
0.937255
0.756863
0.694118
0.00392157
0.937255
0.756863
0.694118
0.00392157
0.937255
0.756863
0.694118
0.00392157
0.937255
0.756863
0.694118
0.00392157
0.937255
0.756863
0.694118
0.00392157
0.937255
0.756863
0.694118
0.00392157
0.937255
0.756863
0.694118
0.00392157
0.937255
0.756863
0.694118
0.00392157
0.937255
0.756863
0.694118
0.00392157
0.937255
0.756863
0.694118
0.00392157
0.937255
0.756863
0.694118
0.00392157
0.937255
0.756863
0.694118
0.00392157
0.937255
0.756863
0.694118
0.00392157
0.937255
0.756863
0.694118
0.00392157
0.937255
0.756863
0.694118
0.00392157
0.937255
0.756863
0.694118
0.00392157
0.937255
0.756863
0.694118
0.00392157
0.937255
0.756863
0.694118
0.00392157
0.937255
0.756863
0.694118
0.00392157
0.937255
0.756863
0.694118
0.00392157
0.937255
0.756863
0.694118
0.00392157
0.937255
0.756863
0.694118
0.00392157
0.937255
0.756863
0.694118
0.00392157
0.937255
0.756863
0.694118
0.00392157
0.937255
0.756863
0.694118
0.00392157
0.937255
0.756863
0.694118
0.00392157
0.937255
0.756863
0.694118
0.00392157
0.937882
0.749294
0.687176
0.103529
0.939765
0.726588
0.666353
0.203137
0.942902
0.688745
0.631647
0.302745
0.947294
0.635765
0.583059
0.402353
0.952941
0.567647
0.520588
0.501961
0.959843
0.484392
0.444235
0.601569
0.968
0.386
0.354
0.701176
0.977412
0.272471
0.249883
0.800784
0.988078
0.143804
0.131882
0.900392
1
0
0
1
1
0
0
1
1
0
0
1
1
0
0
1
1
0
0
1
1
0
0
1
1
0
0
1
1
0
0
1
1
0
0
1
1
0
0
1
1
0
0
1
1
0
0
1
1
0
0
1
1
0
0
1
1
0
0
1
1
0
0
1
1
0
0
1
1
0
0
1
1
0
0
1
1
0.1
0.1
1
1
0.2
0.2
1
1
0.3
0.3
1
1
0.4
0.4
1
1
0.5
0.5
1
1
0.6
0.6
1
1
0.7
0.7
1
1
0.8
0.8
1
1
0.9
0.9
1
1
1
1
1
1
1
1
1
1
1
1
1
1
1
1
1
1
1
1
1
1
1
1
1
1
1
1
1
1
1
1
1
1
1
1
1
1
1
1
1
1
1
1
1
1
1
1
1
1
1
1
1
1
1
1
1
1
1
1
1
1
1
1
1
1
1
1
1
1
1
1
1
1
1
1
1
1
1
1
1
1
1
1
1
1
1
1
1
1
1
1
1
1
1
1
1
1
1
1
1
1
1
1
1
1
1
1
1
1
1
1
1
1
1
1
1
1
1
1
1
1
1
1
1
1
1
1
1
1
1
1
1
1
1
1
1
1
1
1
1
1
1
1
1
1
1
1
1
1
1
1
1
1
1
1
1
1
1
1
1
1
1
1
1
1
1
1
1
1
1
1
1
1
1
1
1
1
1
1
1
1
1
1
1
1
1
1
1
1
1
1
1
1
1
1
1
1
1
1
1
1
1
1
1
1
1
1
1
1
1
1
1
1
1
1
1
1
1
1
1
1
1
1
1
1
1
1
1
1
1
1
1
1
1
1
1
1
1
1
1
1
1
1
1
1
1
1
1
1
1
1
1
1
1
1
1
1
1
1
1
1
1
1
1
1
1
1
1
1
1
1
1
1
1
1
1
1
1
1
1
1
1
1
1
1
1
1
1
1
1
1
1
1
1
1
1
1
1
1
1
1
1
1
1
1
1
1
1
1
1
1
1
1
1
1
1
1
1
1
1
1
1
1
1
1
1
1
1
1
1
1
1
1
1
1
1
1
1
1
1
1
1
1
1
1
1
1
1
1
1
1
1
1
1
1
1
1
1
1
1
1
1
1
1
1
1
1
1
1
1
1
1
1
1
1
1
1
1
1
1
1
1
1
1
1
1
1
1
1
1
1
1
1
1
1
1
1
1
1
1
1
1
1
1
1
1
1
1
1
1
1
1
1
1
1
1
1
1
1
1
1
1
1
1
1
1
1
1
1
1
1
1
1
1
1
1
1
1
1
1
1
1
1
1
1
1
1
1
1
1
1
1
1
1
1
1
1
1
1
1
1
1
1
1
1
1
1
1
1
1
1
1
1
1
1
1
1
1
1
1
1
1
1
1
1
1
1
1
1
1
1
1
1
1
1
1
1
1
1
1
1
1
1
1
1
1
1
1
1
1
1
1
1
1
1
1
1
1
1
1
1
1
1
1
1
1
1
1
1
1
1
1
1
1
1
1
1
1
1
1
1
1
1
1
1
1
1
1
1
1
1
1
1
1
1
1
1
1
1
1
1
1
1
1
1
1
1
1
1
1
1
1
1
1
1
1
1
1
1
1
1
1
1
1
1
1
1
1
1
1
1
1
1
1
1
1
1
1
1
1
1
1
1
1
1
1
1
1
1
1
1
1
1
1
1
1
1
1
1
1
1
1
1
1
1
1
1
1
1
1
1
1
1
1
1
1
1
1
1
1
1
1
1
1
1
1
1
1
1
1
1
1
1
1
1
1
1
1
1
1
1
1
1
1
1
1
1
1
1
1
1
1
1
1
1
1
1
1
1
1
1
1
1
1
1
1
1
1
1
1
1
1
1
1
1
1
1
1
1
1
1
1
1
1
1
1
1
1
1
1
1
1
1
1
1
1
1
1
1
1
1
1
1
1
1
1
1
1
1
1
1
1
1
1
1
1
1
1
1
1
1
1
1
1
1
1
1
1
1
1
1
1
1
1
1
1
1
1
1
1
1
1
1
1
1
1
1
1
1
1
1
1
1
1
1
1
1
1
1
1
1
1
1
1
1
1
1
1
1
1
1
1
1
1
1
1
1
1
1
1
1
1
1
1
1
1
1
1
1
1
1
1
1
1
1
1
1
1
1
1
1
1
1
1
1
1
1
1
1
0.9
0.9
1
1
0.8
0.8
1
1
0.7
0.7
1
1
0.6
0.6
1
1
0.5
0.5
1
1
0.4
0.4
1
1
0.3
0.3
1
1
0.2
0.2
1
1
0.1
0.1
1
1
0
0
1
1
0
0
1
1
0
0
1
1
0
0
1
1
0
0
1
1
0
0
1
1
0
0
1
1
0
0
1
1
0
0
1
1
0
0
1
1
0
0
1
1
0
0
1
1
0
0
1
1
0
0
1
1
0
0
1
1
0
0
1
1
0
0
1
1
0
0
1
1
0
0
1
1
0
0
1
1
0
0
1
1
0
0
1
1
0
0
1
1
0
0
1
1
0
0
1
1
0
0
1
1
0
0
1
1
0
0
1
1
0
0
1
1
0
0
1
1
0
0
1
1
0
0
1
1
0
0
1
1
0
0
1
1
0
0
1
1
0
0
1
1
0
0
1
1
0
0
1
1
0
0
1
1
0
0
1
1
0
0
1
1
0
0
1
1
0
0
1
1
0
0
1
1
0
0
1
1
0
0
1
1
0
0
1
1
0
0
1
1
0
0
1
1
0
0
1
1
0
0
1
1
0
0
1
1
0
0
1
1
0
0
1
1
0
0
1
1
0
0
1
1
0
0
1
1
0
0
1
1
0
0
1
1
0
0
1
1
0
0
1
1
0
0
1
1
0
0
1
1
0
0
1
1
0
0
1
1
0
0
1
1
0
0
1
1
0
0
1
1
0
0
1
1
0
0
1
1
0
0
1
1
0
0
1
1
0
0
1
1
0
0
1
1
0
0
1
1
0
0
1
1
0
0
1
1
0
0
1
1
0
0
1
1
0
0
1
1
0
0
1
1
0
0
1
1
0
0
1
1
0
0
1
1
0
0
1
1
0
0
1
1
0
0
1
1
0
0
1
1
0
0
1
1
0
0
1
1
0
0
1
1
0
0
1
1
0
0
1
1
0
0
1
1
0
0
1
1
0
0
1
1
0
0
1
1
0
0
1
1
0
0
1
1
0
0
1
1
0
0
1
1
0
0
1
Air,20,20,48,264,255,0,0,0
Blood,124,20,77,264,255,0,0,0
Skeleton,172,20,163,264,255,0,0,0
Skin,91,20,53,264,1,239,193,177
